0.3um/m3	0.5um/m3	1.0um/m3	3.0um/m3	5.0um/m3	10.0um/m3
4756892	902644	74161	4238	2119	0
4595857	875099	59329	0	0	0
4591619	856029	42378	2119	0	0
4591619	849672	65685	6357	2119	0
4699682	813651	57210	2119	0	0
4619165	841197	38140	2119	0	0
4640354	849672	55091	0	0	0
4549242	862385	65685	2119	0	0
4494151	875099	50853	0	0	0
4436941	898406	38140	0	0	0
4519577	889931	44497	0	0	0
4771725	879336	33902	2119	0	0
4646710	828483	55091	0	0	0
4695445	847553	46615	0	0	0
4727228	955616	48734	0	0	0
4458130	843315	46615	0	0	0
4597976	832721	52972	0	0	0
4655186	951378	42378	4238	0	0
4547123	879336	33902	0	0	0
4445417	864504	50853	0	0	0
4475081	792462	55091	0	0	0
4568312	881455	50853	2119	0	0
4699682	934427	57210	2119	0	0
4678494	915357	65685	0	0	0
4557717	807294	31783	0	0	0
4405158	788224	38140	2119	0	0
4528053	911120	46615	0	0	0
4494151	783987	44497	0	0	0
4587382	841197	42378	0	0	0
4784438	851791	48734	0	0	0
4570431	796700	55091	0	0	0
4456011	743728	48734	0	0	0
4843767	1012826	48734	0	0	0
4752655	928071	48734	2119	0	0
4737822	822127	48734	6357	2119	0
4542885	803057	57210	0	0	0
4475081	809413	63566	0	0	0
4744179	877218	38140	0	0	0
4415752	911120	55091	2119	2119	0
4699682	836959	55091	2119	0	0
4716634	932309	52972	2119	0	0
4511102	803057	46615	0	0	0
4542885	767036	36021	4238	2119	0
4581025	841197	55091	0	0	0
4485675	839078	67804	0	0	0
4572550	881455	55091	2119	0	0
4731466	845434	42378	2119	0	0
4735704	824245	52972	0	0	0
4551361	752203	29664	0	0	0
4631878	862385	61448	4238	0	0
4648829	872980	40259	0	0	0
4659424	851791	55091	2119	2119	2119
4498389	851791	46615	0	0	0
4689088	883574	48734	0	0	0
4672137	824245	61448	0	0	0
4614927	843315	61448	2119	0	0
4667899	879336	48734	0	0	0
4523815	866623	46615	0	0	0
4697564	881455	50853	0	0	0
4540766	822127	42378	2119	0	0
4475081	815770	23308	2119	0	0
4502626	820008	59329	2119	0	0
4585263	817889	52972	2119	0	0
4746298	826364	33902	0	0	0
4549242	841197	50853	2119	2119	0
4667899	868742	50853	0	0	0
4695445	866623	61448	0	0	0
4691207	879336	50853	2119	0	0
4693326	894169	48734	0	0	0
4653067	790343	50853	0	0	0
4727228	860266	38140	0	0	0
4650948	841197	40259	0	0	0
4502626	809413	44497	2119	0	0
4566193	841197	42378	2119	0	0
4502626	830602	50853	0	0	0
4617046	870861	67804	0	0	0
4716634	849672	48734	0	0	0
4294976	798819	48734	0	0	0
4519577	853910	50853	2119	0	0
4636116	851791	40259	0	0	0
4521696	798819	44497	0	0	0
4691207	764917	33902	0	0	0
4472962	856029	46615	2119	0	0
4430584	858148	36021	0	0	0
4318284	805176	57210	0	0	0
4602214	792462	57210	0	0	0
4837410	904763	57210	0	0	0
4593738	783987	44497	0	0	0
4515340	860266	55091	0	0	0
4710277	843315	44497	0	0	0
4623403	877218	31783	0	0	0
4570431	870861	67804	0	0	0
4602214	849672	38140	0	0	0
4528053	826364	52972	0	0	0
4494151	883574	46615	0	0	0
4407277	760679	40259	0	0	0
4720871	892050	52972	0	0	0
4693326	870861	72042	4238	0	0
4551361	790343	38140	2119	0	0
4559836	921714	40259	0	0	0
4614927	786106	48734	0	0	0
4837410	839078	48734	0	0	0
4572550	862385	63566	0	0	0
4487794	798819	44497	0	0	0
4487794	834840	33902	0	0	0
4487794	836959	42378	2119	0	0
4540766	798819	48734	0	0	0
4661543	813651	38140	2119	0	0
4612808	805176	42378	0	0	0
4784438	866623	57210	0	0	0
4581025	841197	44497	0	0	0
4498389	847553	33902	0	0	0
4642473	853910	48734	0	0	0
4508983	781868	42378	4238	0	0
4631878	815770	31783	0	0	0
4767487	902644	50853	0	0	0
4392444	756441	46615	2119	0	0
4653067	864504	65685	0	0	0
4570431	798819	46615	0	0	0
4733585	881455	67804	2119	0	0
4519577	851791	50853	2119	0	0
4386088	834840	42378	0	0	0
4557717	792462	38140	2119	0	0
4466605	885693	48734	0	0	0
4500507	828483	59329	2119	0	0
4617046	949260	50853	2119	0	0
4483556	894169	46615	2119	0	0
4523815	851791	38140	0	0	0
4754773	889931	65685	4238	0	0
4682731	830602	55091	2119	0	0
4627640	834840	38140	2119	0	0
4706039	896288	48734	0	0	0
4576787	794581	46615	0	0	0
4396682	805176	31783	2119	0	0
4477200	856029	31783	0	0	0
4542885	885693	48734	0	0	0
4561955	771273	61448	0	0	0
4604333	940784	57210	0	0	0
4388207	792462	36021	0	0	0
4449654	805176	50853	0	0	0
4557717	851791	33902	0	0	0
4447535	862385	50853	0	0	0
4655186	959854	50853	0	0	0
4424228	845434	38140	2119	2119	0
4470843	883574	52972	2119	0	0
4328878	760679	40259	0	0	0
4477200	807294	63566	0	0	0
4638235	834840	31783	0	0	0
4496270	830602	40259	2119	2119	0
4805627	860266	44497	4238	0	0
4585263	866623	52972	0	0	0
4697564	968330	59329	0	0	0
4638235	758560	42378	2119	0	0
4691207	849672	46615	0	0	0
4633997	856029	42378	2119	0	0
4498389	911120	69923	2119	0	0
4555598	872980	55091	0	0	0
4581025	885693	46615	2119	2119	0
4479319	870861	48734	4238	0	0
4648829	820008	44497	0	0	0
4458130	832721	72042	0	0	0
4456011	767036	48734	0	0	0
4439060	856029	72042	0	0	0
4530172	909001	69923	8476	4238	0
4987851	1031896	139846	50853	16951	0
5025990	1048847	201294	44497	6357	0
4826815	961973	125014	57210	19070	2119
4807746	909001	59329	4238	4238	0
4559836	872980	50853	0	0	0
4553480	849672	44497	4238	2119	0
4576787	839078	50853	6357	2119	2119
4604333	909001	33902	0	0	0
4301332	872980	48734	2119	0	0
4441179	868742	55091	4238	0	0
4587382	877218	55091	2119	2119	0
4727228	902644	52972	4238	2119	0
4737822	906882	52972	4238	2119	0
4517459	858148	57210	2119	0	0
4670018	887812	42378	0	0	0
4648829	847553	76280	6357	2119	0
4489913	923833	84755	4238	2119	0
4436941	913239	52972	0	0	0
4644592	832721	63566	8476	2119	2119
4528053	898406	57210	2119	0	0
4629759	887812	61448	4238	2119	0
4506864	917476	52972	2119	0	0
4631878	911120	72042	2119	0	0
4545004	824245	63566	6357	0	0
4477200	839078	46615	2119	2119	0
4377612	915357	65685	2119	0	0
4612808	959854	63566	4238	2119	0
4536529	909001	40259	4238	2119	0
4523815	830602	72042	4238	0	0
4686969	872980	52972	2119	0	0
4542885	839078	74161	2119	0	0
4347948	875099	55091	0	0	0
4640354	881455	69923	6357	4238	2119
4547123	858148	67804	8476	2119	0
4422109	925952	65685	2119	0	0
4720871	911120	67804	4238	0	0
4451773	843315	44497	6357	0	0
4432703	909001	46615	0	0	0
4456011	767036	46615	2119	0	0
4494151	845434	55091	2119	0	0
4625522	862385	38140	2119	2119	0
4799270	851791	61448	10594	4238	0
4557717	813651	42378	2119	0	0
4636116	862385	44497	2119	0	0
4667899	881455	59329	2119	0	0
4561955	820008	42378	4238	2119	0
4663661	870861	50853	4238	0	0
4729347	936546	69923	2119	0	0
4445417	936546	55091	0	0	0
4629759	900525	23308	0	0	0
4608571	834840	52972	2119	0	0
4400920	809413	38140	8476	2119	0
4684850	845434	57210	4238	2119	0
4589501	938665	67804	0	0	0
4623403	964092	63566	2119	0	0
4523815	858148	48734	2119	0	0
4320402	847553	52972	0	0	0
4604333	836959	27545	2119	2119	2119
4547123	834840	33902	0	0	0
4479319	786106	50853	0	0	0
4633997	841197	42378	2119	0	0
4621284	864504	42378	2119	0	0
4561955	775511	61448	8476	2119	0
4576787	889931	42378	4238	2119	2119
4523815	866623	40259	0	0	0
4369137	790343	57210	0	0	0
4468724	805176	48734	0	0	0
4498389	849672	55091	4238	0	0
4472962	788224	46615	2119	0	0
4602214	919595	57210	4238	0	0
4447535	900525	57210	2119	0	0
4665780	942903	55091	4238	4238	0
4633997	868742	42378	2119	2119	2119
4386088	875099	69923	4238	0	0
4324640	843315	40259	0	0	0
4540766	866623	48734	0	0	0
4602214	885693	52972	6357	2119	0
4398801	841197	63566	4238	0	0
4792913	883574	42378	0	0	0
4739941	877218	59329	2119	0	0
4638235	862385	67804	2119	2119	0
4403039	853910	44497	0	0	0
4458130	820008	59329	6357	0	0
4663661	875099	80518	6357	2119	0
4614927	858148	50853	2119	0	0
4530172	904763	55091	2119	2119	0
4530172	858148	50853	2119	0	0
4347948	788224	44497	0	0	0
4472962	832721	48734	0	0	0
4456011	826364	42378	0	0	0
4650948	836959	69923	2119	0	0
4441179	803057	57210	4238	0	0
4617046	892050	55091	4238	2119	0
4477200	811532	42378	2119	2119	0
4407277	883574	40259	2119	0	0
4555598	860266	59329	2119	0	0
4428465	824245	50853	0	0	0
4746298	936546	72042	2119	2119	0
4720871	887812	65685	2119	0	0
4447535	877218	67804	4238	2119	0
4606452	883574	59329	8476	4238	0
4570431	864504	46615	4238	0	0
4667899	978924	57210	4238	2119	0
4311927	839078	42378	0	0	0
4525934	864504	44497	4238	2119	0
4487794	894169	52972	2119	0	0
4506864	845434	69923	0	0	0
4521696	767036	38140	4238	4238	0
4564074	917476	63566	0	0	0
4701801	883574	74161	0	0	0
4523815	856029	67804	4238	0	0
4642473	934427	55091	2119	2119	0
4566193	919595	44497	2119	0	0
4464486	872980	50853	2119	0	0
4576787	839078	48734	4238	2119	0
4521696	906882	44497	2119	0	0
4667899	839078	55091	2119	2119	2119
4394563	856029	46615	2119	0	0
4506864	894169	44497	0	0	0
4667899	872980	63566	2119	2119	0
4583144	828483	42378	4238	2119	0
4549242	919595	46615	2119	0	0
4585263	853910	52972	2119	0	0
4504745	853910	40259	0	0	0
4591619	864504	40259	0	0	0
4504745	826364	46615	2119	2119	0
4557717	947141	46615	0	0	0
4477200	790343	63566	0	0	0
4542885	853910	65685	2119	0	0
4464486	862385	55091	4238	0	0
4636116	885693	61448	2119	0	0
4619165	862385	48734	4238	2119	0
4464486	788224	52972	0	0	0
4481438	845434	46615	2119	2119	0
4396682	817889	44497	2119	0	0
4424228	883574	61448	0	0	0
4682731	898406	55091	0	0	0
4288619	872980	72042	2119	0	0
4578906	915357	48734	0	0	0
4578906	881455	67804	4238	0	0
4600095	779749	25427	4238	0	0
4583144	917476	52972	8476	0	0
4600095	906882	63566	2119	2119	0
4578906	851791	48734	2119	0	0
4517459	853910	61448	2119	2119	0
4508983	769155	42378	0	0	0
4629759	864504	65685	4238	0	0
4513221	853910	57210	0	0	0
4771725	875099	61448	0	0	0
4551361	858148	40259	0	0	0
4583144	811532	50853	2119	2119	0
4500507	856029	48734	0	0	0
4426347	858148	38140	0	0	0
4570431	847553	33902	2119	0	0
4339472	786106	33902	0	0	0
4566193	851791	50853	0	0	0
4424228	830602	46615	0	0	0
4424228	830602	55091	0	0	0
4487794	822127	52972	0	0	0
4547123	959854	52972	0	0	0
4536529	906882	63566	2119	0	0
4496270	800938	42378	4238	0	0
4650948	921714	52972	2119	0	0
4691207	879336	38140	2119	0	0
4530172	909001	65685	4238	2119	0
4441179	851791	57210	0	0	0
4534410	820008	55091	2119	2119	0
4413633	864504	48734	0	0	0
4525934	894169	42378	0	0	0
4621284	862385	33902	0	0	0
4631878	919595	65685	2119	0	0
4555598	792462	57210	2119	0	0
4561955	858148	40259	0	0	0
4523815	875099	55091	4238	0	0
4489913	830602	55091	2119	0	0
4536529	834840	59329	4238	0	0
4610689	879336	50853	0	0	0
4472962	864504	63566	2119	0	0
4608571	834840	52972	2119	0	0
4390326	860266	59329	0	0	0
4659424	826364	67804	0	0	0
4468724	830602	50853	2119	0	0
4629759	906882	36021	2119	0	0
4521696	896288	44497	0	0	0
4538647	860266	42378	2119	2119	0
4407277	828483	44497	0	0	0
4593738	858148	50853	2119	2119	0
4604333	836959	57210	2119	2119	0
4659424	923833	55091	0	0	0
4572550	898406	52972	0	0	0
4714515	877218	69923	2119	0	0
4746298	864504	74161	0	0	0
4617046	872980	55091	0	0	0
4600095	892050	61448	4238	2119	2119
4655186	834840	55091	0	0	0
4591619	839078	48734	0	0	0
4439060	900525	76280	0	0	0
4765368	777630	50853	0	0	0
4718752	936546	72042	2119	0	0
4593738	813651	40259	2119	0	0
4894620	972567	59329	0	0	0
4542885	832721	33902	0	0	0
4597976	817889	48734	0	0	0
4534410	928071	63566	0	0	0
4737822	894169	67804	0	0	0
4672137	822127	50853	2119	0	0
4695445	826364	61448	2119	0	0
4684850	932309	33902	0	0	0
4735704	955616	72042	0	0	0
4765368	930190	57210	2119	2119	0
4786557	883574	55091	4238	0	0
4720871	892050	69923	2119	0	0
4570431	870861	40259	0	0	0
4568312	894169	55091	0	0	0
4536529	834840	25427	0	0	0
4708158	830602	48734	2119	0	0
4559836	864504	61448	2119	0	0
4559836	853910	40259	2119	2119	0
4722990	889931	31783	0	0	0
4699682	896288	61448	0	0	0
4657305	847553	50853	2119	0	0
4475081	870861	36021	0	0	0
4657305	883574	80518	8476	0	0
4521696	870861	57210	0	0	0
4706039	817889	57210	2119	0	0
4888263	940784	59329	0	0	0
4729347	862385	82636	2119	0	0
4597976	909001	61448	0	0	0
4782319	930190	44497	2119	0	0
4858599	953497	38140	2119	2119	2119
4538647	836959	38140	0	0	0
4593738	887812	59329	2119	0	0
4600095	904763	65685	2119	0	0
4602214	906882	55091	0	0	0
4737822	981043	44497	2119	0	0
4701801	909001	40259	0	0	0
8882358	826364	38140	0	0	0
5343823	925952	63566	0	0	0
5059893	961973	52972	0	0	0
4727228	906882	63566	2119	0	0
4934879	902644	48734	0	0	0
4517459	796700	48734	4238	2119	0
4769606	843315	61448	0	0	0
4767487	970448	63566	0	0	0
4602214	849672	44497	0	0	0
4737822	932309	65685	4238	0	0
4761130	959854	74161	2119	0	0
4801389	957735	52972	2119	0	0
4843767	904763	65685	4238	0	0
4646710	858148	65685	2119	0	0
4896739	938665	52972	2119	2119	2119
4672137	911120	55091	0	0	0
4532291	841197	33902	0	0	0
4816221	919595	52972	2119	0	0
4636116	885693	67804	2119	0	0
4731466	902644	80518	4238	2119	2119
4748417	930190	46615	2119	2119	0
4661543	875099	48734	2119	0	0
4708158	1000113	72042	4238	0	0
4617046	966211	67804	2119	2119	2119
4595857	843315	42378	0	0	0
4625522	887812	67804	2119	2119	0
4600095	866623	55091	2119	0	0
4706039	856029	69923	2119	0	0
4756892	843315	57210	2119	2119	2119
4629759	862385	50853	4238	2119	2119
4672137	911120	52972	2119	0	0
4850123	745847	38140	2119	0	0
4564074	851791	48734	0	0	0
4581025	841197	55091	0	0	0
4530172	773392	42378	2119	0	0
4566193	847553	44497	0	0	0
5191263	1023420	173748	59329	23308	6357
5420103	1171742	328427	118657	63566	10594
5142529	1180218	358091	131371	65685	29664
5324753	1169623	324189	122895	86874	14832
5081081	1072155	222483	80518	50853	12713
4981494	1000113	226720	78399	42378	12713
4551361	1082749	220364	95350	46615	19070
4843767	1050966	241553	88993	42378	6357
4561955	959854	209769	69923	25427	12713
4877669	1017064	188581	65685	36021	4238
4604333	1044609	186462	69923	33902	4238
4665780	981043	180105	42378	19070	6357
4576787	995875	167392	50853	25427	6357
4708158	949260	133490	52972	29664	10594
4494151	966211	201294	65685	36021	6357
4528053	845434	173748	44497	25427	8476
4744179	991637	209769	69923	38140	6357
4790794	1012826	192818	42378	29664	10594
4784438	1036134	190699	57210	25427	6357
4678494	938665	146203	40259	21189	0
4625522	1029777	154678	46615	27545	6357
4320402	866623	95350	29664	10594	0
4591619	923833	133490	31783	23308	4238
4369137	923833	131371	42378	12713	0
4492032	964092	137727	31783	23308	8476
4559836	898406	116539	38140	19070	0
4462368	872980	163154	50853	21189	10594
4606452	947141	103825	27545	12713	2119
4479319	872980	118657	33902	12713	4238
4451773	900525	152560	36021	10594	0
4506864	877218	146203	44497	14832	4238
4638235	923833	103825	36021	21189	4238
4515340	885693	125014	38140	16951	4238
4127584	845434	103825	29664	12713	2119
4481438	875099	125014	23308	4238	2119
4633997	953497	148322	38140	25427	2119
4320402	875099	112301	25427	14832	4238
4292857	847553	116539	29664	14832	4238
4220815	892050	95350	23308	8476	2119
4339472	798819	127133	23308	12713	0
4369137	860266	110182	19070	6357	2119
4424228	798819	95350	21189	16951	0
4513221	894169	133490	46615	21189	0
4447535	862385	101706	19070	0	0
4485675	877218	99588	10594	2119	0
4388207	896288	108063	21189	8476	2119
4434822	879336	114420	29664	19070	2119
4362780	811532	112301	33902	12713	4238
4458130	925952	122895	16951	8476	4238
4250479	826364	88993	29664	6357	2119
4354305	898406	108063	23308	12713	2119
4275906	898406	127133	29664	16951	2119
4116990	832721	103825	19070	6357	0
4301332	851791	91112	10594	4238	0
4237766	820008	118657	25427	8476	2119
4254717	820008	93231	23308	4238	0
4436941	881455	133490	27545	12713	4238
4273787	756441	91112	16951	10594	2119
4356423	889931	101706	16951	10594	4238
4405158	940784	122895	16951	8476	0
4271668	817889	110182	25427	10594	2119
4383969	864504	97469	19070	14832	4238
4116990	845434	76280	4238	2119	0
4271668	853910	84755	19070	8476	4238
4036472	781868	86874	19070	6357	0
4136060	747966	72042	8476	2119	0
4186913	807294	99588	21189	12713	4238
4386088	870861	88993	10594	2119	0
4220815	847553	80518	21189	8476	4238
4326759	747966	63566	12713	6357	2119
4229290	839078	74161	4238	2119	2119
4322521	843315	114420	12713	4238	0
4144535	860266	91112	14832	4238	2119
4189032	875099	101706	14832	2119	0
4258955	853910	72042	14832	6357	2119
4343710	906882	105944	14832	4238	2119
4127584	811532	38140	2119	0	0
4146654	726777	55091	8476	2119	2119
4237766	879336	99588	14832	6357	0
4297095	866623	72042	12713	0	0
4314046	775511	72042	19070	4238	0
4159367	777630	55091	14832	2119	0
4379731	928071	101706	27545	12713	4238
4197507	875099	74161	10594	6357	0
4155130	909001	74161	10594	4238	0
4201745	847553	76280	14832	6357	0
4080969	843315	59329	8476	0	0
4263193	809413	63566	10594	6357	2119
4254717	777630	72042	4238	2119	0
4400920	887812	67804	10594	2119	0
4239885	836959	72042	4238	2119	0
4341591	839078	78399	12713	6357	2119
4392444	800938	46615	6357	4238	0
4367018	828483	61448	2119	2119	0
4330997	809413	69923	14832	2119	0
4322521	830602	118657	29664	10594	2119
4309808	803057	67804	6357	4238	0
4347948	781868	65685	8476	4238	0
4400920	836959	65685	12713	6357	0
4352186	885693	63566	4238	0	0
4364899	879336	72042	10594	6357	0
4309808	847553	65685	2119	2119	2119
4288619	830602	61448	12713	6357	2119
4176318	813651	44497	4238	0	0
4322521	851791	63566	12713	2119	0
4451773	764917	76280	6357	2119	2119
4282263	820008	72042	0	0	0
4220815	726777	65685	16951	6357	2119
4367018	845434	65685	8476	4238	0
4290738	758560	72042	4238	4238	0
4294976	805176	69923	10594	2119	2119
4059780	733134	72042	4238	4238	2119
4381850	817889	82636	19070	4238	0
4347948	786106	67804	6357	2119	0
4182675	836959	52972	4238	0	0
4417871	860266	72042	8476	2119	0
4167843	792462	65685	8476	2119	0
4339472	752203	55091	4238	2119	0
4091563	839078	72042	4238	4238	0
4104276	790343	59329	8476	2119	0
4379731	762798	72042	12713	6357	0
4388207	826364	67804	6357	4238	0
4394563	809413	69923	6357	6357	2119
4443298	872980	59329	6357	0	0
4197507	794581	88993	8476	6357	2119
4405158	815770	57210	10594	8476	2119
4242004	847553	80518	6357	0	0
4271668	798819	69923	0	0	0
4360661	881455	93231	8476	2119	0
4040710	798819	63566	2119	0	0
4347948	834840	80518	6357	2119	0
4324640	788224	48734	4238	2119	0
4341591	790343	72042	8476	2119	0
4407277	811532	82636	6357	2119	0
4443298	805176	61448	2119	0	0
4415752	811532	69923	6357	2119	0
4316165	764917	86874	2119	0	0
4350067	877218	76280	8476	0	0
4502626	887812	72042	4238	2119	0
4142416	815770	61448	4238	0	0
4294976	750085	48734	2119	0	0
4333116	834840	50853	2119	0	0
4371256	813651	67804	0	0	0
4292857	794581	57210	2119	2119	2119
4314046	851791	69923	2119	2119	0
4167843	781868	57210	6357	0	0
4337354	758560	80518	6357	2119	0
4381850	887812	72042	19070	2119	0
4496270	771273	50853	4238	4238	2119
4191151	898406	84755	6357	2119	0
4280144	858148	50853	2119	2119	0
4434822	811532	40259	4238	0	0
4422109	720420	48734	2119	0	0
4275906	781868	46615	6357	4238	0
4392444	875099	82636	2119	0	0
4318284	773392	33902	0	0	0
4246242	817889	52972	2119	0	0
4356423	815770	74161	6357	0	0
4411514	832721	65685	4238	0	0
4333116	836959	63566	4238	0	0
4172081	760679	50853	0	0	0
4242004	794581	65685	4238	0	0
4511102	866623	67804	2119	0	0
4288619	743728	40259	2119	0	0
4517459	856029	63566	6357	2119	0
4248360	741609	61448	12713	4238	0
4326759	762798	50853	2119	0	0
4237766	830602	76280	8476	4238	0
4492032	856029	55091	2119	0	0
4345829	771273	46615	2119	2119	0
4513221	830602	57210	0	0	0
4248360	796700	59329	2119	2119	0
4184794	811532	78399	2119	0	0
4407277	764917	74161	4238	2119	2119
4371256	796700	48734	4238	0	0
4320402	820008	67804	10594	4238	2119
4282263	807294	63566	0	0	0
4407277	771273	48734	8476	6357	0
4485675	750085	33902	2119	0	0
4400920	794581	59329	4238	0	0
4375493	851791	72042	2119	2119	0
4487794	856029	95350	6357	0	0
4523815	771273	50853	2119	0	0
4464486	856029	65685	2119	0	0
4396682	803057	61448	4238	2119	0
4523815	792462	55091	2119	0	0
4347948	851791	82636	4238	2119	0
4286500	796700	48734	4238	2119	0
4413633	794581	48734	4238	2119	0
4409396	824245	40259	4238	2119	0
4388207	841197	57210	2119	0	0
4424228	739490	59329	4238	0	0
4606452	777630	63566	8476	0	0
4131822	760679	63566	4238	2119	0
4375493	775511	59329	6357	4238	2119
4417871	762798	69923	4238	0	0
4375493	716182	69923	10594	2119	0
4449654	820008	59329	2119	2119	0
4400920	769155	38140	2119	0	0
4371256	747966	42378	2119	0	0
4462368	872980	46615	2119	0	0
4254717	839078	63566	4238	0	0
4367018	769155	42378	4238	2119	0
4322521	813651	52972	4238	0	0
4468724	832721	63566	2119	2119	0
4388207	694994	52972	2119	2119	0
4432703	900525	57210	2119	0	0
4415752	820008	67804	4238	2119	0
4337354	771273	57210	6357	6357	0
4534410	862385	101706	8476	4238	0
4237766	803057	55091	2119	2119	2119
4339472	809413	61448	0	0	0
4362780	858148	48734	6357	0	0
4356423	792462	55091	4238	0	0
4326759	864504	55091	8476	2119	0
4506864	889931	50853	2119	2119	0
4451773	906882	48734	2119	0	0
4294976	752203	42378	0	0	0
4511102	870861	46615	2119	2119	0
4519577	709826	52972	2119	0	0
4602214	841197	55091	6357	2119	0
4519577	872980	86874	2119	0	0
4511102	813651	44497	0	0	0
4468724	853910	48734	2119	0	0
4449654	813651	50853	0	0	0
4246242	809413	65685	0	0	0
4449654	788224	67804	2119	0	0
4532291	883574	52972	2119	0	0
4411514	775511	50853	0	0	0
4169962	800938	55091	4238	4238	2119
4583144	839078	50853	0	0	0
4447535	849672	59329	4238	2119	2119
4485675	851791	52972	2119	2119	0
4449654	843315	69923	6357	0	0
4371256	739490	46615	2119	0	0
4383969	750085	46615	2119	0	0
4184794	724658	55091	0	0	0
4498389	820008	55091	2119	0	0
4320402	820008	46615	2119	2119	0
4409396	830602	59329	2119	0	0
4369137	849672	42378	2119	2119	2119
4371256	834840	65685	2119	0	0
4597976	875099	44497	0	0	0
4309808	701350	48734	4238	2119	0
4369137	788224	46615	0	0	0
4530172	856029	50853	2119	0	0
4557717	858148	61448	4238	0	0
4205983	790343	69923	0	0	0
4345829	803057	63566	2119	0	0
4375493	771273	40259	0	0	0
4383969	832721	50853	2119	0	0
4394563	777630	57210	0	0	0
4337354	745847	31783	0	0	0
4144535	716182	46615	0	0	0
4445417	820008	48734	2119	0	0
4358542	817889	55091	4238	2119	0
4297095	841197	59329	0	0	0
4288619	807294	40259	0	0	0
4606452	921714	63566	2119	2119	0
4407277	743728	42378	0	0	0
4441179	769155	57210	2119	0	0
4314046	809413	55091	2119	0	0
4267430	771273	52972	2119	2119	0
4430584	832721	52972	2119	0	0
4619165	845434	33902	0	0	0
4532291	849672	57210	0	0	0
4322521	762798	55091	0	0	0
4218696	760679	72042	0	0	0
4269549	805176	42378	2119	0	0
4358542	794581	63566	0	0	0
4691207	872980	31783	0	0	0
4386088	822127	69923	0	0	0
4470843	781868	50853	0	0	0
4489913	826364	67804	0	0	0
4521696	783987	36021	0	0	0
4409396	866623	55091	2119	2119	2119
4373375	866623	55091	0	0	0
4422109	815770	42378	0	0	0
4375493	775511	50853	6357	2119	0
4210221	796700	50853	2119	0	0
4468724	731015	55091	0	0	0
4307689	754322	61448	0	0	0
4388207	813651	52972	4238	2119	0
4396682	822127	57210	6357	2119	0
4320402	828483	38140	0	0	0
4633997	762798	27545	0	0	0
4464486	792462	48734	4238	0	0
4426347	817889	69923	2119	0	0
4587382	851791	38140	0	0	0
4360661	807294	50853	0	0	0
4337354	843315	38140	0	0	0
4430584	813651	55091	2119	0	0
4375493	718301	48734	2119	2119	0
4339472	809413	57210	4238	2119	0
4390326	813651	50853	0	0	0
4373375	794581	48734	0	0	0
4369137	843315	48734	0	0	0
4280144	756441	61448	2119	2119	2119
4439060	798819	40259	2119	0	0
4284381	788224	36021	0	0	0
4360661	745847	69923	6357	4238	2119
4447535	794581	74161	0	0	0
4451773	836959	40259	2119	0	0
4229290	783987	65685	0	0	0
4472962	807294	61448	2119	0	0
4466605	851791	55091	2119	0	0
4390326	747966	44497	0	0	0
4252598	743728	59329	0	0	0
4407277	824245	50853	2119	0	0
4432703	773392	48734	4238	2119	0
4303451	824245	42378	0	0	0
4341591	822127	50853	0	0	0
4405158	860266	38140	0	0	0
4434822	775511	42378	2119	2119	0
4267430	790343	57210	2119	0	0
4441179	798819	38140	4238	0	0
4273787	828483	50853	0	0	0
4506864	832721	42378	0	0	0
4445417	864504	44497	0	0	0
4557717	830602	52972	6357	0	0
4345829	739490	50853	0	0	0
4335235	786106	42378	2119	0	0
4403039	731015	40259	0	0	0
4299214	771273	63566	0	0	0
4515340	822127	76280	4238	2119	0
4267430	811532	50853	2119	2119	0
4381850	815770	31783	0	0	0
4549242	811532	40259	2119	2119	0
4400920	830602	48734	0	0	0
4326759	754322	42378	4238	4238	0
4265311	803057	40259	2119	0	0
4470843	796700	67804	6357	0	0
4561955	860266	57210	0	0	0
4237766	788224	59329	2119	0	0
4180556	743728	48734	2119	0	0
4140297	792462	38140	2119	0	0
4443298	822127	57210	2119	2119	0
4345829	779749	33902	0	0	0
4155130	813651	65685	0	0	0
4307689	767036	40259	4238	2119	0
4229290	788224	46615	0	0	0
4301332	809413	44497	0	0	0
4383969	714064	63566	0	0	0
4189032	754322	42378	0	0	0
4434822	915357	42378	0	0	0
4523815	739490	36021	0	0	0
4330997	805176	48734	2119	0	0
4305570	781868	52972	0	0	0
4400920	779749	44497	0	0	0
4261074	796700	57210	6357	2119	0
4233528	788224	61448	0	0	0
4333116	836959	65685	0	0	0
4333116	813651	50853	0	0	0
4441179	794581	59329	4238	0	0
4163605	788224	40259	2119	0	0
4394563	735252	46615	0	0	0
4195388	822127	55091	2119	0	0
4506864	843315	33902	0	0	0
4375493	866623	52972	0	0	0
4557717	843315	46615	0	0	0
4564074	860266	48734	0	0	0
4364899	767036	42378	2119	0	0
4290738	756441	48734	0	0	0
4335235	792462	48734	0	0	0
4205983	709826	40259	0	0	0
4244123	828483	46615	0	0	0
4375493	864504	57210	0	0	0
4256836	724658	57210	2119	2119	0
4443298	803057	40259	0	0	0
4182675	807294	29664	0	0	0
4386088	845434	52972	2119	2119	0
4324640	779749	42378	0	0	0
4210221	718301	52972	0	0	0
4328878	788224	38140	2119	0	0
4184794	735252	52972	2119	2119	2119
4335235	669567	36021	2119	2119	0
4214458	682280	38140	0	0	0
4375493	781868	42378	0	0	0
4186913	760679	40259	0	0	0
4299214	726777	52972	2119	0	0
4150892	779749	50853	0	0	0
4383969	811532	48734	0	0	0
4123346	718301	27545	0	0	0
4394563	813651	74161	0	0	0
4398801	743728	50853	0	0	0
4358542	794581	46615	0	0	0
4131822	722539	42378	2119	0	0
4233528	760679	48734	0	0	0
4367018	716182	14832	2119	0	0
4278025	771273	42378	0	0	0
4237766	741609	44497	0	0	0
4523815	841197	74161	0	0	0
4167843	898406	50853	0	0	0
4419990	697113	44497	0	0	0
4386088	754322	46615	4238	2119	0
4371256	769155	40259	0	0	0
4356423	786106	36021	2119	0	0
4409396	836959	44497	2119	0	0
4341591	790343	65685	0	0	0
4375493	781868	48734	0	0	0
4424228	788224	48734	0	0	0
4500507	783987	40259	0	0	0
4443298	733134	29664	0	0	0
4426347	870861	59329	0	0	0
4311927	790343	40259	2119	0	0
4307689	807294	48734	0	0	0
4000451	731015	42378	2119	0	0
4309808	750085	33902	0	0	0
4292857	803057	33902	0	0	0
4326759	756441	38140	0	0	0
4244123	750085	44497	0	0	0
4591619	752203	46615	0	0	0
4214458	853910	67804	4238	0	0
4174200	858148	33902	0	0	0
4258955	775511	42378	0	0	0
4337354	805176	44497	0	0	0
4205983	771273	50853	2119	0	0
4379731	747966	40259	0	0	0
4316165	796700	38140	2119	0	0
4299214	805176	46615	0	0	0
4193269	758560	42378	0	0	0
4165724	707707	55091	0	0	0
4299214	798819	52972	0	0	0
4436941	771273	42378	2119	0	0
4350067	769155	48734	0	0	0
4250479	775511	44497	0	0	0
4352186	750085	46615	0	0	0
4254717	813651	44497	4238	0	0
4203864	807294	27545	2119	0	0
4447535	747966	40259	2119	0	0
4233528	703469	38140	0	0	0
4358542	805176	67804	2119	0	0
4220815	781868	48734	0	0	0
4462368	800938	50853	0	0	0
4475081	745847	38140	0	0	0
4343710	735252	36021	0	0	0
4341591	760679	55091	0	0	0
4229290	692875	27545	0	0	0
4335235	783987	44497	0	0	0
4191151	692875	44497	0	0	0
4347948	786106	33902	2119	0	0
4381850	718301	48734	2119	0	0
4589501	741609	44497	0	0	0
4229290	815770	40259	0	0	0
4299214	758560	19070	0	0	0
4138178	750085	33902	2119	2119	0
4051304	722539	42378	0	0	0
4322521	779749	44497	2119	0	0
4165724	722539	42378	0	0	0
4267430	735252	57210	0	0	0
4155130	805176	16951	0	0	0
4324640	731015	57210	0	0	0
4205983	762798	33902	0	0	0
4256836	805176	42378	0	0	0
4275906	777630	50853	0	0	0
4193269	796700	40259	0	0	0
4136060	743728	52972	0	0	0
4254717	699231	36021	0	0	0
4212339	707707	40259	2119	2119	0
4297095	754322	57210	0	0	0
4112752	762798	36021	0	0	0
4369137	767036	44497	0	0	0
4324640	752203	59329	2119	0	0
4267430	756441	50853	0	0	0
4174200	675924	50853	0	0	0
4256836	726777	23308	0	0	0
4138178	682280	29664	2119	0	0
4335235	741609	33902	2119	0	0
4307689	783987	42378	2119	0	0
4294976	726777	36021	0	0	0
4464486	866623	61448	0	0	0
4373375	760679	27545	0	0	0
4428465	733134	52972	0	0	0
4284381	724658	40259	0	0	0
4273787	750085	57210	2119	0	0
4411514	779749	40259	0	0	0
4199626	747966	29664	0	0	0
4256836	756441	36021	0	0	0
4271668	750085	44497	0	0	0
4316165	786106	31783	0	0	0
4248360	817889	42378	2119	0	0
4343710	771273	46615	2119	0	0
4466605	779749	50853	2119	0	0
4409396	669567	40259	0	0	0
4485675	792462	50853	0	0	0
4538647	697113	57210	0	0	0
4617046	743728	31783	0	0	0
4227172	735252	52972	0	0	0
4142416	724658	40259	0	0	0
4254717	762798	46615	0	0	0
4229290	733134	33902	0	0	0
4252598	783987	48734	0	0	0
4138178	718301	48734	0	0	0
4076731	703469	42378	0	0	0
4068255	764917	55091	2119	0	0
4282263	675924	50853	0	0	0
4371256	803057	46615	0	0	0
4070374	684399	33902	0	0	0
4294976	786106	50853	0	0	0
4064018	777630	40259	0	0	0
4278025	781868	52972	2119	0	0
4242004	817889	55091	2119	0	0
4322521	792462	42378	0	0	0
4220815	783987	46615	4238	2119	0
4231409	811532	38140	2119	2119	0
4322521	775511	40259	0	0	0
4290738	716182	46615	2119	2119	0
4316165	777630	44497	0	0	0
4294976	764917	57210	4238	0	0
4284381	743728	36021	0	0	0
4352186	733134	38140	2119	2119	2119
4186913	720420	48734	0	0	0
4290738	771273	33902	0	0	0
4307689	739490	44497	0	0	0
4119109	745847	29664	2119	0	0
4155130	737371	36021	0	0	0
4100039	703469	38140	2119	0	0
4178437	682280	46615	0	0	0
4104276	697113	55091	6357	0	0
4064018	671686	50853	0	0	0
4176318	739490	40259	0	0	0
4110633	735252	33902	0	0	0
4292857	811532	46615	0	0	0
4318284	800938	61448	6357	6357	0
4085206	711945	33902	0	0	0
4100039	675924	46615	2119	2119	0
4379731	741609	46615	4238	0	0
4102157	750085	48734	2119	2119	0
4138178	836959	36021	0	0	0
4324640	701350	57210	0	0	0
4218696	714064	50853	4238	0	0
4197507	716182	40259	0	0	0
4180556	678043	52972	2119	2119	0
4214458	718301	36021	2119	2119	0
4258955	743728	38140	0	0	0
4059780	686518	42378	2119	0	0
4299214	743728	52972	0	0	0
4258955	703469	42378	0	0	0
4146654	686518	44497	2119	2119	2119
4273787	754322	40259	2119	2119	0
4235647	771273	61448	2119	2119	0
4235647	777630	48734	0	0	0
4216577	663210	42378	4238	0	0
4282263	815770	38140	0	0	0
4180556	794581	52972	0	0	0
4373375	786106	67804	4238	4238	2119
4269549	764917	48734	0	0	0
4106395	743728	31783	0	0	0
4358542	747966	36021	0	0	0
4138178	815770	44497	2119	0	0
4297095	758560	36021	2119	2119	0
4208102	707707	36021	0	0	0
4244123	694994	61448	0	0	0
4053423	718301	36021	4238	2119	0
4233528	756441	33902	2119	2119	0
4235647	741609	50853	4238	2119	0
3968668	705588	69923	4238	4238	0
4225053	756441	48734	2119	0	0
4157248	724658	42378	0	0	0
4027997	665329	33902	0	0	0
4085206	741609	25427	0	0	0
4136060	661091	52972	6357	0	0
4074612	714064	46615	0	0	0
4148773	699231	33902	4238	4238	0
4271668	709826	48734	0	0	0
4294976	739490	25427	2119	0	0
4036472	720420	36021	2119	0	0
4288619	786106	40259	0	0	0
4258955	737371	38140	0	0	0
4155130	722539	55091	2119	0	0
4222934	743728	46615	0	0	0
4070374	728896	36021	2119	0	0
3773731	686518	50853	0	0	0
4133941	718301	42378	2119	0	0
4222934	792462	40259	2119	2119	0
4153011	709826	25427	2119	0	0
4083088	650497	29664	2119	2119	0
4100039	735252	52972	2119	0	0
4161486	686518	42378	0	0	0
4036472	769155	42378	2119	0	0
4184794	767036	42378	2119	0	0
4161486	728896	31783	2119	0	0
4419990	692875	29664	0	0	0
4172081	703469	25427	0	0	0
4104276	767036	48734	2119	0	0
4324640	697113	55091	2119	2119	0
4091563	705588	50853	2119	0	0
4030115	646259	29664	0	0	0
4212339	726777	52972	0	0	0
3943241	714064	25427	0	0	0
4396682	692875	50853	0	0	0
4116990	718301	31783	0	0	0
3983500	656854	27545	0	0	0
4061899	743728	57210	0	0	0
4250479	735252	46615	0	0	0
4282263	694994	48734	4238	0	0
4049185	745847	36021	2119	0	0
4051304	718301	40259	2119	0	0
4244123	735252	36021	2119	0	0
4072493	707707	42378	0	0	0
4089444	697113	27545	0	0	0
4150892	699231	46615	2119	0	0
4102157	726777	42378	2119	2119	0
4337354	743728	27545	0	0	0
4023759	637784	36021	0	0	0
4176318	771273	46615	0	0	0
3996213	675924	31783	0	0	0
4352186	769155	48734	0	0	0
3968668	754322	61448	0	0	0
4286500	796700	48734	4238	0	0
4214458	711945	42378	2119	0	0
4165724	680161	29664	0	0	0
4256836	783987	38140	0	0	0