0.3um/m3	0.5um/m3	1.0um/m3	3.0um/m3	5.0um/m3	10.0um/m3
0	0	0	0	0	0
5793026	1182337	108063	10594	0	0
5752767	1084868	99588	16951	4238	0
5733697	1008588	88993	12713	4238	0
6064243	1212001	114420	6357	4238	0
5898970	1110295	101706	19070	4238	2119
5570543	1025539	101706	19070	2119	0
5623515	961973	103825	25427	10594	0
5653180	1082749	103825	16951	2119	0
5631991	1059442	88993	4238	2119	2119
5562068	1044609	84755	8476	4238	0
5504858	978924	97469	10594	6357	0
5718865	1048847	93231	6357	0	0
5725222	1084868	103825	14832	6357	0
5807858	1002232	78399	6357	0	0
5566306	949260	69923	12713	0	0
5718865	1078511	125014	14832	2119	0
5701914	1080630	95350	6357	2119	0
5644704	1012826	105944	12713	4238	0
5684963	995875	80518	10594	2119	0
5788788	1048847	84755	10594	0	0
5631991	1053085	91112	8476	2119	2119
5659536	1027658	110182	6357	0	0
5776075	1129365	105944	6357	2119	0
5744292	995875	67804	10594	4238	0
5744292	1070036	97469	10594	4238	0
5466718	972567	84755	14832	0	0
5761243	1034015	74161	8476	2119	0
5684963	1040372	76280	12713	6357	0
5905327	1169623	80518	12713	6357	0
5782432	1192931	69923	8476	0	0
6151117	1078511	86874	12713	2119	0
5896851	1186574	105944	10594	2119	2119
5784551	1129365	101706	10594	4238	2119
5896851	1070036	78399	12713	4238	0
5725222	1046728	78399	10594	0	0
5765481	1084868	76280	6357	0	0
5934991	1127246	80518	6357	6357	0
5839642	1078511	88993	8476	4238	2119
5977369	1078511	105944	12713	4238	2119
5765481	1116651	95350	10594	0	0
5602327	1091225	108063	19070	4238	0
5670131	940784	72042	4238	4238	0
5562068	936546	82636	4238	2119	0
5845998	1059442	61448	0	0	0
5782432	1091225	95350	8476	0	0
5920159	1103938	80518	19070	0	0
5693439	1078511	95350	14832	4238	0
5670131	1014945	84755	4238	0	0
5737935	957735	76280	10594	4238	0
5644704	987399	93231	12713	2119	0
5426459	902644	63566	14832	2119	0
5591732	1057323	69923	8476	2119	0
5653180	925952	65685	4238	0	0
5665893	1036134	91112	6357	2119	0
5437054	976805	93231	10594	0	0
5545117	1021302	74161	4238	0	0
5636229	976805	72042	12713	6357	0
5644704	1044609	76280	12713	4238	0
5475194	932309	69923	4238	2119	0
5562068	1040372	80518	4238	0	0
5831166	1019183	69923	4238	0	0
5547236	968330	88993	4238	0	0
5360774	1004351	95350	12713	2119	0
5674369	1055204	78399	6357	2119	0
5555711	934427	65685	12713	2119	0
5801502	1061560	82636	8476	2119	0
5809977	1036134	91112	8476	2119	2119
5795145	942903	91112	4238	0	0
5619278	919595	78399	10594	6357	2119
5553592	1010707	72042	10594	2119	0
5542998	928071	74161	12713	4238	0
5324753	961973	57210	10594	4238	0
5579019	995875	86874	8476	0	0
5602327	947141	59329	8476	2119	0
5752767	1067917	76280	4238	0	0
5718865	919595	50853	0	0	0
5767600	1010707	88993	12713	4238	0
5593851	1008588	65685	8476	2119	0
5697676	942903	63566	4238	0	0
5631991	1072155	86874	8476	4238	0
5502739	997994	55091	2119	0	0
5769718	1095463	84755	12713	2119	0
5636229	966211	57210	6357	4238	0
5538760	961973	93231	8476	0	0
5564187	1004351	69923	6357	2119	0
5413746	997994	55091	2119	0	0
5623515	949260	65685	6357	4238	0
5767600	978924	69923	6357	2119	2119
5509096	928071	69923	4238	0	0
5451886	1000113	65685	8476	0	0
5642585	1044609	67804	12713	2119	0
5879900	974686	67804	14832	2119	0
5530285	983162	76280	6357	2119	0
5674369	1023420	76280	4238	4238	0
5795145	1059442	93231	4238	2119	0
5763362	1099700	84755	8476	2119	0
5926516	1078511	57210	6357	4238	0
5627753	1044609	80518	2119	0	0
5725222	961973	59329	6357	0	0
5566306	1055204	65685	4238	2119	0
5780313	1038253	82636	2119	0	0
5517571	940784	48734	2119	0	0
5454005	1027658	74161	2119	0	0
5629872	981043	76280	8476	2119	0
5462480	953497	59329	6357	2119	0
5744292	1042490	76280	8476	4238	0
5680725	868742	42378	2119	2119	0
5415865	961973	63566	2119	2119	0
5714627	1061560	63566	0	0	0
5604446	930190	74161	8476	0	0
5526047	894169	40259	2119	0	0
5818453	1063679	72042	2119	0	0
5553592	968330	65685	6357	4238	0
5653180	1050966	48734	4238	0	0
5551473	1053085	74161	6357	2119	0
5449767	887812	67804	8476	2119	0
5644704	1014945	63566	8476	2119	0
5420103	961973	80518	14832	2119	2119
5394676	959854	86874	6357	0	0
5634110	1084868	65685	8476	6357	0
5411627	1023420	69923	2119	0	0
5265424	862385	48734	8476	2119	0
5134054	822127	67804	2119	0	0
5023872	913239	84755	10594	4238	0
5146767	964092	50853	4238	0	0
5250592	1004351	67804	4238	0	0
5538760	938665	44497	6357	4238	0
5203977	923833	59329	6357	0	0
5502739	1061560	63566	0	0	0
5477313	1019183	74161	4238	0	0
5625634	957735	61448	0	0	0
5598089	1027658	55091	8476	4238	0
5542998	987399	65685	0	0	0
5542998	1089106	63566	10594	0	0
5468837	959854	59329	8476	0	0
5545117	909001	78399	12713	4238	0
5672250	1008588	59329	8476	0	0
5494264	1002232	44497	2119	2119	0
5354417	906882	48734	0	0	0
5362893	972567	55091	6357	0	0
5104389	913239	52972	0	0	0
5466718	940784	74161	4238	2119	0
5498501	1004351	44497	2119	0	0
5174312	885693	59329	0	0	0
5153123	961973	59329	6357	0	0
5178550	966211	52972	0	0	0
5415865	968330	40259	2119	2119	0
5049298	866623	88993	8476	2119	0
5341704	966211	72042	4238	2119	0
5420103	917476	61448	2119	0	0
5250592	894169	67804	2119	2119	0
5265424	981043	61448	4238	0	0
5566306	966211	61448	4238	2119	0
5621397	983162	61448	2119	0	0
5615040	1012826	46615	2119	2119	0
5682844	991637	52972	0	0	0
5322634	906882	57210	4238	0	0
5530285	970448	57210	0	0	0
5405271	919595	55091	6357	2119	0
5398914	894169	42378	2119	0	0
5456124	934427	67804	4238	0	0
5348061	862385	38140	0	0	0
5441292	934427	42378	0	0	0
5176431	928071	65685	4238	0	0
5081081	892050	40259	2119	0	0
5655299	1029777	61448	4238	0	0
5570543	866623	42378	0	0	0
5195501	902644	72042	2119	0	0
5352298	995875	65685	0	0	0
5653180	1089106	72042	0	0	0
5458243	953497	78399	0	0	0
5297208	911120	50853	6357	2119	0
5458243	972567	59329	8476	0	0
5288732	930190	52972	0	0	0
5413746	913239	40259	0	0	0
5475194	1080630	59329	2119	0	0
5343823	970448	44497	2119	2119	0
5170075	913239	57210	6357	0	0
5216690	911120	67804	4238	0	0
5242117	959854	46615	4238	2119	0
5339585	898406	55091	2119	2119	0
5568425	1072155	65685	6357	4238	0
5481550	989518	48734	2119	0	0
5225165	921714	63566	2119	2119	0
5081081	894169	40259	4238	0	0
5121340	879336	52972	2119	0	0
5062011	853910	38140	2119	0	0
5078963	887812	50853	4238	0	0
5187026	930190	48734	4238	2119	0
5269662	938665	59329	4238	4238	0
5441292	936546	36021	4238	2119	0
5203977	892050	65685	4238	0	0
5095914	904763	36021	0	0	0
5155242	945022	52972	2119	0	0
5206096	872980	46615	0	0	0
5182788	820008	59329	8476	2119	0
5312040	970448	59329	2119	0	0
5297208	889931	52972	0	0	0
5227284	894169	69923	4238	0	0
5112865	985281	61448	2119	0	0
4920046	894169	40259	0	0	0
4862836	906882	42378	6357	0	0
5339585	828483	52972	4238	2119	2119
5339585	936546	63566	2119	0	0
5216690	881455	36021	2119	2119	0
5163718	938665	67804	0	0	0
5127697	930190	50853	6357	0	0
5208214	883574	63566	2119	0	0
5339585	972567	61448	4238	2119	0
5250592	957735	63566	2119	0	0
4996326	847553	33902	0	0	0
4994207	930190	59329	0	0	0
5256949	972567	57210	2119	0	0
5259068	913239	55091	2119	2119	0
5208214	930190	44497	0	0	0
5191263	902644	42378	0	0	0
5422222	904763	55091	2119	2119	0
5197620	862385	55091	2119	0	0
5324753	997994	59329	2119	0	0
5106508	959854	50853	0	0	0
5595970	987399	48734	0	0	0
5110746	942903	38140	2119	0	0
5420103	985281	44497	2119	2119	0
5665893	1006469	82636	8476	0	0
5409508	930190	59329	0	0	0
5119221	947141	36021	0	0	0
5388319	957735	52972	6357	2119	0
5256949	934427	36021	4238	0	0
5401033	970448	67804	2119	0	0
5292970	894169	50853	4238	0	0
5184907	930190	55091	0	0	0
5227284	959854	46615	0	0	0
5167956	896288	52972	0	0	0
5320515	974686	57210	6357	0	0
5331110	915357	61448	2119	0	0
5267543	1057323	50853	0	0	0
5129816	902644	69923	0	0	0
5256949	936546	80518	4238	0	0
5187026	894169	48734	4238	0	0
5106508	932309	65685	0	0	0
5182788	889931	57210	4238	2119	0
5388319	864504	36021	0	0	0
5318396	913239	48734	0	0	0
5299326	1038253	65685	0	0	0
5261186	915357	44497	0	0	0
5360774	936546	59329	2119	2119	0
5081081	883574	31783	0	0	0
5212452	925952	63566	0	0	0
5178550	889931	50853	0	0	0
5062011	879336	44497	4238	2119	0
5119221	1014945	50853	2119	0	0
5034466	883574	50853	2119	0	0
5117102	911120	52972	2119	0	0
5146767	841197	52972	4238	0	0
4987851	919595	33902	0	0	0
5392557	923833	63566	0	0	0
5085319	961973	50853	2119	2119	0
5028109	921714	65685	4238	0	0
5114984	868742	44497	0	0	0
5089557	872980	63566	6357	2119	0
5223047	881455	46615	4238	0	0
5265424	885693	69923	4238	2119	0
5532404	930190	55091	4238	0	0
5335347	985281	72042	2119	2119	0
5269662	843315	36021	2119	0	0
5233641	940784	61448	2119	0	0
5146767	883574	46615	0	0	0
5159480	909001	42378	0	0	0
5151005	974686	65685	0	0	0
5144648	894169	65685	2119	0	0
5373487	911120	46615	2119	2119	0
5373487	961973	48734	0	0	0
4884025	919595	44497	0	0	0
5172193	919595	36021	4238	2119	0
5341704	951378	48734	2119	0	0
5053536	921714	50853	0	0	0
5066249	872980	36021	2119	0	0
4947592	957735	33902	0	0	0
5282375	845434	44497	2119	2119	0
5307802	849672	52972	0	0	0
5295089	892050	48734	0	0	0
5390438	945022	57210	0	0	0
5381963	900525	46615	0	0	0
5381963	923833	33902	2119	2119	0
5106508	972567	69923	2119	0	0
5212452	909001	42378	0	0	0
5237879	985281	67804	2119	0	0
5059893	930190	44497	0	0	0
5170075	940784	44497	0	0	0
4900976	879336	48734	2119	0	0
5053536	862385	48734	4238	0	0
5106508	938665	67804	2119	0	0
5318396	955616	57210	0	0	0
4799270	856029	44497	0	0	0
5170075	862385	50853	2119	2119	0
4973018	858148	38140	0	0	0
4926403	847553	31783	0	0	0
4797151	792462	33902	0	0	0
4898857	913239	59329	4238	0	0
5356536	858148	46615	0	0	0
5040823	911120	33902	0	0	0
5314159	932309	59329	0	0	0
5091676	887812	46615	0	0	0
5068368	889931	44497	0	0	0
5187026	909001	48734	4238	2119	2119
5157361	870861	42378	2119	0	0
5136172	932309	52972	0	0	0
5153123	955616	42378	4238	0	0
5263305	909001	46615	2119	2119	0
5248473	892050	46615	0	0	0
5138291	904763	42378	0	0	0
4739941	783987	23308	0	0	0
5057774	959854	52972	0	0	0
5212452	966211	65685	2119	0	0
5055655	879336	46615	2119	0	0
5301445	997994	48734	2119	0	0
5167956	892050	40259	0	0	0
5231522	798819	59329	4238	2119	0
5216690	955616	59329	0	0	0
5070487	911120	55091	0	0	0
5053536	900525	42378	0	0	0
4985732	932309	50853	4238	0	0
5100151	877218	61448	2119	0	0
4973018	934427	42378	0	0	0
5417984	1014945	42378	0	0	0
5284494	909001	25427	0	0	0
5174312	909001	33902	0	0	0
4837410	883574	42378	2119	0	0
4826815	879336	59329	0	0	0
4828934	845434	40259	0	0	0
4985732	817889	52972	2119	0	0
5006921	870861	61448	2119	0	0
4915809	811532	36021	0	0	0
5125578	849672	46615	0	0	0
5244235	970448	67804	0	0	0
4920046	815770	36021	0	0	0
5032347	923833	48734	0	0	0
4966662	773392	31783	0	0	0
4936997	915357	44497	4238	0	0
4814102	781868	44497	2119	0	0
4879788	928071	59329	0	0	0
4788676	892050	55091	0	0	0
5055655	898406	40259	2119	0	0
5146767	1004351	52972	0	0	0
4920046	887812	36021	0	0	0
5148886	902644	55091	0	0	0
4860718	824245	29664	0	0	0
4733585	881455	55091	4238	0	0
4953948	902644	55091	4238	0	0
5083200	932309	40259	0	0	0
5070487	947141	44497	0	0	0
5034466	964092	61448	0	0	0
5004802	898406	31783	2119	0	0
5233641	866623	31783	0	0	0
5129816	847553	46615	0	0	0
5030228	786106	40259	0	0	0
5182788	957735	52972	0	0	0
4939116	792462	42378	0	0	0
4956067	851791	57210	4238	2119	0
5051417	851791	40259	0	0	0
4917927	894169	55091	0	0	0
4932760	921714	52972	0	0	0
5011158	966211	42378	2119	0	0
4748417	900525	40259	2119	0	0
4661543	794581	55091	0	0	0
4953948	936546	65685	8476	2119	0
4960305	976805	52972	6357	2119	0
5153123	885693	55091	2119	2119	0
4888263	968330	59329	2119	0	0
4629759	872980	52972	2119	0	0
4828934	872980	48734	0	0	0
5237879	938665	48734	6357	2119	0
4826815	881455	48734	8476	4238	0
4680613	877218	61448	6357	0	0
4670018	807294	46615	6357	2119	2119
4691207	858148	31783	4238	2119	0
5114984	881455	44497	2119	0	0
5021753	951378	61448	6357	0	0
5091676	1014945	50853	12713	4238	0
5017515	872980	38140	2119	0	0
5030228	896288	46615	10594	4238	0
5000564	889931	67804	6357	2119	0
5072606	879336	59329	2119	2119	0
4835291	928071	57210	6357	4238	0
4968781	872980	42378	6357	2119	0
4697564	779749	42378	4238	2119	0
4731466	877218	63566	2119	0	0
4754773	875099	55091	6357	2119	0
4915809	856029	55091	0	0	0
4712396	896288	74161	2119	0	0
4943354	887812	52972	6357	2119	2119
4890382	915357	52972	4238	0	0
4949711	892050	44497	0	0	0
5151005	1000113	57210	2119	0	0
4958186	976805	76280	8476	2119	0
5362893	968330	59329	8476	8476	0
5144648	921714	59329	2119	0	0
5163718	976805	46615	2119	2119	2119
4992088	911120	44497	0	0	0
4682731	902644	48734	0	0	0
4994207	881455	59329	2119	0	0
4801389	792462	61448	2119	2119	0
4716634	826364	76280	4238	2119	0
4850123	896288	74161	2119	2119	0
4898857	841197	38140	6357	4238	0
5117102	1031896	76280	2119	0	0
5129816	1067917	67804	6357	2119	0
4945473	872980	52972	2119	0	0
4909452	866623	52972	2119	0	0
5047179	955616	36021	4238	4238	0
5131935	860266	52972	2119	2119	2119
4856480	851791	57210	6357	2119	0
4877669	877218	61448	4238	2119	0
4765368	862385	63566	8476	0	0
5089557	955616	69923	8476	2119	0
4786557	925952	74161	4238	2119	0
5110746	930190	50853	2119	0	0
4816221	881455	40259	0	0	0
4712396	828483	52972	0	0	0
4767487	805176	36021	0	0	0
4947592	877218	46615	4238	0	0
4892501	938665	69923	4238	4238	0
4674256	798819	42378	0	0	0
4737822	915357	67804	6357	2119	2119
4890382	883574	40259	0	0	0
4837410	881455	65685	2119	0	0
4780200	849672	59329	6357	4238	0
4973018	928071	72042	0	0	0
5087438	936546	44497	2119	0	0
5021753	936546	59329	2119	2119	0
5159480	917476	61448	4238	4238	0
5028109	896288	52972	4238	4238	0
4695445	864504	63566	0	0	0
4536529	853910	59329	6357	2119	2119
4576787	790343	57210	2119	2119	0
4595857	798819	44497	2119	0	0
5180669	987399	50853	4238	0	0
5076844	853910	40259	0	0	0
4917927	923833	50853	6357	2119	0
5091676	968330	50853	2119	2119	0
4867074	817889	42378	8476	6357	0
5072606	858148	50853	2119	0	0
4841648	919595	36021	4238	2119	0
4841648	868742	48734	6357	2119	0
4729347	792462	33902	4238	0	0
4858599	847553	46615	2119	2119	0
5053536	1006469	52972	0	0	0
5072606	879336	40259	4238	2119	0
4996326	1025539	52972	2119	0	0
4843767	909001	65685	6357	2119	0
4795032	885693	57210	4238	0	0
4564074	841197	44497	4238	0	0
4900976	934427	65685	2119	0	0
5021753	892050	67804	6357	0	0
4809864	813651	48734	2119	2119	0
4833172	972567	42378	2119	0	0
5195501	936546	40259	6357	4238	0
5066249	900525	48734	2119	0	0
4962424	940784	55091	0	0	0
5151005	928071	69923	4238	2119	0
4962424	883574	44497	4238	2119	0
4718752	856029	40259	0	0	0
4680613	898406	44497	2119	0	0
4814102	900525	63566	4238	0	0
4941235	820008	61448	10594	2119	0
4820459	885693	50853	6357	2119	0
4875550	843315	61448	0	0	0
4886144	830602	46615	6357	2119	0
5047179	947141	36021	2119	2119	0
5246354	1004351	150441	40259	23308	8476
5144648	942903	129252	33902	21189	4238
5184907	972567	144084	40259	31783	6357
5348061	1038253	190699	69923	46615	4238
5375606	1017064	188581	72042	38140	10594
4962424	870861	137727	38140	19070	6357
4917927	964092	139846	40259	23308	6357
4780200	940784	131371	46615	25427	10594
4964543	940784	161035	59329	33902	10594
4786557	911120	76280	21189	6357	4238
5000564	942903	120776	31783	21189	4238
5015396	959854	122895	42378	29664	8476
4913690	1006469	148322	44497	29664	10594
4966662	955616	110182	31783	12713	4238
4934879	1040372	154678	46615	25427	4238
4731466	934427	135609	33902	16951	12713
4782319	951378	97469	27545	10594	4238
4943354	1042490	163154	48734	23308	8476
4854361	911120	101706	31783	10594	2119
4894620	945022	156797	40259	14832	4238
4665780	917476	129252	31783	8476	4238
5013277	892050	122895	44497	23308	6357
4729347	885693	101706	31783	14832	4238
4648829	881455	114420	16951	10594	4238
4833172	942903	95350	27545	14832	6357
4818340	938665	125014	36021	19070	2119
4790794	930190	116539	29664	14832	2119
4803508	851791	122895	27545	14832	6357
4703920	896288	95350	19070	8476	0
4403039	872980	78399	10594	4238	2119
4873431	872980	125014	27545	14832	4238
4809864	976805	101706	33902	10594	2119
4665780	811532	78399	25427	14832	2119
4843767	879336	101706	19070	14832	4238
4833172	942903	112301	31783	16951	2119
4633997	957735	93231	19070	10594	6357
4617046	853910	116539	27545	12713	4238
4739941	928071	99588	27545	6357	4238
4805627	892050	88993	23308	8476	4238
4780200	940784	110182	40259	14832	2119
4731466	947141	91112	23308	12713	2119
4822578	959854	105944	21189	8476	0
4716634	970448	84755	16951	6357	2119
4701801	879336	91112	27545	14832	0
4763249	904763	86874	27545	12713	4238
4809864	862385	103825	16951	8476	0
4627640	906882	93231	21189	2119	0
4498389	862385	65685	10594	2119	0
4409396	909001	93231	14832	6357	0
4720871	836959	78399	14832	6357	2119
4714515	828483	86874	19070	6357	0
4689088	851791	80518	8476	0	0
4720871	856029	76280	10594	6357	2119
4600095	843315	84755	14832	6357	2119
4417871	764917	84755	19070	10594	4238
4678494	866623	78399	12713	4238	2119
4716634	843315	99588	23308	10594	2119
4661543	913239	95350	14832	2119	0
4795032	887812	78399	14832	8476	4238
4659424	881455	88993	19070	8476	0
4848004	949260	101706	16951	6357	0
4710277	898406	72042	10594	2119	0
4888263	917476	86874	12713	6357	2119
4695445	877218	67804	14832	4238	2119
4640354	902644	93231	14832	10594	4238
4468724	881455	78399	8476	4238	2119
4606452	906882	84755	10594	2119	0
4581025	904763	97469	21189	6357	0
4739941	902644	65685	4238	0	0
4894620	841197	76280	19070	8476	4238
4676375	822127	69923	10594	4238	0
4621284	800938	69923	10594	4238	0
4744179	841197	103825	14832	2119	0
4676375	849672	78399	14832	6357	6357
4706039	862385	67804	10594	6357	0
4600095	805176	57210	10594	2119	0
4595857	898406	91112	14832	8476	2119
4871312	896288	105944	21189	12713	0
4742060	875099	74161	10594	6357	4238
4663661	870861	88993	16951	4238	0
4638235	868742	63566	12713	6357	0
4714515	856029	76280	10594	4238	0
4756892	917476	63566	6357	4238	0
4739941	906882	61448	12713	4238	2119
4712396	934427	72042	14832	8476	0
4621284	847553	67804	14832	4238	0
4733585	872980	80518	16951	4238	0
4642473	839078	95350	21189	12713	2119
4633997	919595	69923	8476	4238	0
4714515	875099	78399	6357	2119	0
4703920	860266	74161	10594	10594	2119
4578906	858148	67804	10594	6357	0
4604333	847553	105944	21189	6357	4238
4771725	849672	86874	16951	6357	0
4644592	902644	76280	6357	2119	0
4661543	936546	80518	14832	6357	0
4458130	794581	84755	14832	0	0
4625522	817889	59329	4238	0	0
4638235	832721	78399	8476	2119	0
4663661	839078	61448	8476	2119	0
4432703	805176	44497	8476	0	0
4689088	955616	82636	8476	8476	2119
4905214	856029	57210	8476	8476	0
4642473	792462	46615	8476	0	0
4689088	894169	67804	6357	2119	0
4415752	836959	61448	10594	2119	0
4532291	805176	55091	4238	0	0
4801389	860266	65685	4238	0	0
4655186	824245	48734	4238	0	0
4625522	849672	65685	2119	0	0
4803508	892050	65685	21189	8476	4238
4803508	847553	63566	10594	4238	2119
4496270	834840	61448	8476	4238	0
4881906	872980	67804	8476	2119	2119
4718752	860266	63566	4238	0	0
4534410	822127	72042	4238	2119	2119
4508983	752203	91112	12713	4238	0
4583144	881455	67804	8476	4238	0
4701801	898406	59329	2119	0	0
4725109	807294	65685	16951	8476	2119
4642473	824245	38140	2119	0	0
4860718	834840	67804	2119	0	0
4811983	923833	72042	10594	6357	0
4498389	803057	61448	6357	0	0
4617046	820008	59329	6357	4238	0
4788676	841197	86874	16951	6357	2119
4814102	862385	44497	2119	2119	0
4540766	839078	48734	4238	0	0
4716634	945022	86874	10594	2119	0
4489913	902644	80518	6357	2119	0
4828934	877218	80518	10594	0	0
4680613	856029	69923	4238	0	0
4663661	934427	67804	0	0	0
4881906	1042490	44497	2119	0	0
4909452	877218	82636	6357	4238	0
4737822	836959	69923	2119	2119	0
4555598	830602	50853	4238	0	0
4775962	817889	59329	0	0	0
4636116	870861	46615	0	0	0
4708158	864504	57210	2119	2119	0
4805627	921714	63566	6357	2119	0
4828934	934427	69923	10594	4238	0
4737822	826364	42378	0	0	0
4712396	913239	52972	2119	0	0
4591619	862385	67804	2119	0	0
4608571	839078	57210	4238	0	0
4466605	951378	61448	6357	2119	0
4873431	942903	59329	8476	4238	2119
4674256	870861	57210	4238	2119	0
4595857	860266	36021	2119	2119	0
4701801	898406	67804	2119	0	0
4519577	836959	48734	4238	2119	0
4854361	872980	67804	10594	2119	0
4536529	866623	48734	4238	4238	0
4911571	928071	61448	6357	0	0
4795032	881455	57210	8476	4238	2119
4754773	822127	78399	6357	2119	0
4521696	760679	52972	0	0	0
4735704	849672	50853	2119	0	0
4833172	881455	57210	2119	0	0
4653067	856029	59329	4238	4238	0
4788676	870861	46615	6357	6357	0
4769606	981043	74161	2119	0	0
4682731	915357	57210	4238	0	0
4792913	786106	69923	2119	0	0
4559836	870861	55091	2119	0	0
4784438	881455	61448	4238	2119	0
4631878	911120	67804	2119	2119	2119
4517459	883574	78399	4238	0	0
4759011	989518	61448	2119	0	0
4886144	981043	57210	2119	0	0
4625522	877218	57210	6357	0	0
4500507	832721	63566	4238	0	0
4583144	989518	63566	2119	0	0
4926403	839078	57210	4238	0	0
4771725	902644	50853	2119	0	0
4765368	889931	48734	0	0	0
4822578	853910	78399	10594	4238	0
4773843	841197	42378	2119	0	0
4767487	856029	52972	6357	2119	0
4820459	959854	50853	4238	2119	0
4801389	898406	46615	2119	0	0
4867074	836959	44497	2119	0	0
4729347	947141	57210	2119	0	0
4511102	851791	59329	2119	0	0
4691207	803057	52972	4238	2119	0
4655186	911120	46615	0	0	0
4602214	775511	42378	4238	0	0
4600095	983162	61448	0	0	0
4665780	777630	46615	6357	4238	2119
4661543	813651	46615	0	0	0
4439060	822127	40259	6357	0	0
4538647	839078	42378	2119	0	0
4775962	858148	46615	2119	0	0
4693326	877218	42378	4238	2119	0
4695445	938665	40259	2119	0	0
4595857	809413	48734	0	0	0
4949711	864504	52972	8476	6357	2119
4797151	862385	40259	2119	2119	0
4780200	889931	44497	12713	2119	0
4828934	961973	46615	0	0	0
4617046	881455	52972	6357	0	0
4837410	894169	33902	0	0	0
4587382	887812	50853	4238	2119	0
4729347	836959	57210	4238	0	0
4532291	853910	57210	4238	0	0
4786557	860266	59329	4238	0	0
4614927	839078	40259	6357	2119	0
4674256	913239	55091	6357	2119	0
4564074	887812	57210	4238	2119	0
4449654	762798	31783	6357	0	0
4636116	862385	48734	2119	0	0
4797151	841197	48734	2119	0	0
4708158	938665	86874	4238	0	0
4595857	885693	55091	0	0	0
4648829	858148	36021	2119	0	0
5055655	940784	42378	4238	0	0
4754773	866623	57210	0	0	0
4752655	836959	48734	6357	2119	0
4856480	872980	63566	2119	2119	0
4653067	845434	52972	2119	0	0
4655186	856029	40259	0	0	0
4672137	851791	33902	0	0	0
4568312	862385	48734	4238	2119	0
4763249	866623	44497	2119	2119	0
4667899	883574	57210	2119	2119	0
4655186	864504	76280	4238	0	0
4703920	875099	44497	4238	0	0
4816221	902644	72042	2119	0	0
4780200	847553	48734	0	0	0
4648829	879336	59329	4238	4238	2119
4693326	885693	46615	0	0	0
4617046	887812	48734	0	0	0
4545004	849672	46615	0	0	0
4729347	919595	46615	0	0	0
4602214	703469	40259	0	0	0
4725109	889931	52972	4238	2119	0
4653067	851791	61448	2119	2119	0
4720871	942903	50853	0	0	0
4733585	803057	57210	4238	2119	0
4593738	830602	33902	2119	0	0
4697564	942903	72042	2119	0	0
4536529	775511	48734	4238	2119	2119
4795032	875099	61448	0	0	0
4568312	898406	52972	0	0	0
4583144	853910	69923	0	0	0
4576787	807294	72042	0	0	0
4814102	877218	67804	0	0	0
4657305	860266	46615	2119	2119	0
4551361	735252	57210	2119	2119	0
4720871	921714	46615	0	0	0
4617046	843315	55091	2119	0	0
4701801	858148	33902	0	0	0
4756892	862385	48734	0	0	0
4466605	851791	40259	2119	0	0
4756892	928071	63566	8476	0	0
4553480	913239	48734	0	0	0
4600095	777630	61448	0	0	0
4612808	807294	48734	4238	4238	0
4780200	875099	59329	4238	0	0
4699682	853910	61448	6357	2119	0
4720871	847553	44497	0	0	0
4780200	906882	59329	0	0	0
4928522	913239	57210	2119	0	0
4710277	851791	55091	0	0	0
4731466	796700	44497	0	0	0
4686969	847553	52972	0	0	0
4470843	853910	57210	0	0	0
4833172	947141	59329	0	0	0
4930641	828483	44497	4238	2119	0
4540766	754322	44497	2119	0	0
4534410	921714	59329	0	0	0
4869193	843315	52972	0	0	0
4561955	892050	50853	2119	2119	0
4445417	862385	44497	4238	0	0
4644592	879336	74161	0	0	0
4801389	830602	42378	0	0	0
4538647	805176	44497	4238	0	0
4574668	786106	50853	2119	0	0
4646710	913239	44497	2119	0	0
4782319	830602	36021	6357	0	0
4627640	809413	31783	2119	0	0
4680613	860266	48734	0	0	0
4686969	877218	46615	0	0	0
4633997	862385	50853	0	0	0
4498389	800938	36021	0	0	0
4487794	860266	29664	0	0	0
4691207	805176	61448	0	0	0
4703920	828483	46615	0	0	0
4424228	803057	59329	0	0	0
4638235	896288	52972	0	0	0
4686969	847553	44497	0	0	0
4765368	798819	44497	2119	2119	0
4873431	875099	46615	6357	2119	0
4678494	828483	48734	2119	0	0
4831053	887812	50853	2119	2119	0
4850123	864504	40259	0	0	0
4680613	879336	52972	0	0	0
4636116	830602	33902	2119	0	0
4805627	885693	40259	2119	0	0
4824697	849672	42378	4238	0	0
4756892	902644	74161	4238	2119	0
4595857	875099	59329	0	0	0
4591619	856029	42378	2119	0	0
4591619	849672	65685	6357	2119	0
4699682	813651	57210	2119	0	0
4619165	841197	38140	2119	0	0
4640354	849672	55091	0	0	0
4549242	862385	65685	2119	0	0
4494151	875099	50853	0	0	0
4436941	898406	38140	0	0	0
4519577	889931	44497	0	0	0
4771725	879336	33902	2119	0	0
4646710	828483	55091	0	0	0
4695445	847553	46615	0	0	0
4727228	955616	48734	0	0	0
4458130	843315	46615	0	0	0
4597976	832721	52972	0	0	0
4655186	951378	42378	4238	0	0
4547123	879336	33902	0	0	0
4445417	864504	50853	0	0	0
4475081	792462	55091	0	0	0
4568312	881455	50853	2119	0	0
4699682	934427	57210	2119	0	0
4678494	915357	65685	0	0	0
4557717	807294	31783	0	0	0
4405158	788224	38140	2119	0	0
4528053	911120	46615	0	0	0
4494151	783987	44497	0	0	0
4587382	841197	42378	0	0	0
4784438	851791	48734	0	0	0
4570431	796700	55091	0	0	0
4456011	743728	48734	0	0	0
4843767	1012826	48734	0	0	0
4752655	928071	48734	2119	0	0
4737822	822127	48734	6357	2119	0
4542885	803057	57210	0	0	0
4475081	809413	63566	0	0	0
4744179	877218	38140	0	0	0
4415752	911120	55091	2119	2119	0
4699682	836959	55091	2119	0	0
4716634	932309	52972	2119	0	0
4511102	803057	46615	0	0	0
4542885	767036	36021	4238	2119	0
4581025	841197	55091	0	0	0
4485675	839078	67804	0	0	0
4572550	881455	55091	2119	0	0
4731466	845434	42378	2119	0	0
4735704	824245	52972	0	0	0
4551361	752203	29664	0	0	0
4631878	862385	61448	4238	0	0
4648829	872980	40259	0	0	0
4659424	851791	55091	2119	2119	2119
4498389	851791	46615	0	0	0
4689088	883574	48734	0	0	0
4672137	824245	61448	0	0	0
4614927	843315	61448	2119	0	0
4667899	879336	48734	0	0	0
4523815	866623	46615	0	0	0
4697564	881455	50853	0	0	0
4540766	822127	42378	2119	0	0
4475081	815770	23308	2119	0	0
4502626	820008	59329	2119	0	0
4585263	817889	52972	2119	0	0
4746298	826364	33902	0	0	0
4549242	841197	50853	2119	2119	0
4667899	868742	50853	0	0	0
4695445	866623	61448	0	0	0
4691207	879336	50853	2119	0	0
4693326	894169	48734	0	0	0
4653067	790343	50853	0	0	0
4727228	860266	38140	0	0	0
4650948	841197	40259	0	0	0
4502626	809413	44497	2119	0	0
4566193	841197	42378	2119	0	0
4502626	830602	50853	0	0	0
4617046	870861	67804	0	0	0
4716634	849672	48734	0	0	0
4294976	798819	48734	0	0	0
4519577	853910	50853	2119	0	0
4636116	851791	40259	0	0	0
4521696	798819	44497	0	0	0
4691207	764917	33902	0	0	0
4472962	856029	46615	2119	0	0
4430584	858148	36021	0	0	0
4318284	805176	57210	0	0	0
4602214	792462	57210	0	0	0
4837410	904763	57210	0	0	0
4593738	783987	44497	0	0	0
4515340	860266	55091	0	0	0
4710277	843315	44497	0	0	0
4623403	877218	31783	0	0	0
4570431	870861	67804	0	0	0
4602214	849672	38140	0	0	0
4528053	826364	52972	0	0	0
4494151	883574	46615	0	0	0
4407277	760679	40259	0	0	0
4720871	892050	52972	0	0	0
4693326	870861	72042	4238	0	0
4551361	790343	38140	2119	0	0
4559836	921714	40259	0	0	0
4614927	786106	48734	0	0	0
4837410	839078	48734	0	0	0
4572550	862385	63566	0	0	0
4487794	798819	44497	0	0	0
4487794	834840	33902	0	0	0
4487794	836959	42378	2119	0	0
4540766	798819	48734	0	0	0
4661543	813651	38140	2119	0	0
4612808	805176	42378	0	0	0
4784438	866623	57210	0	0	0
4581025	841197	44497	0	0	0
4498389	847553	33902	0	0	0
4642473	853910	48734	0	0	0
4508983	781868	42378	4238	0	0
4631878	815770	31783	0	0	0
4767487	902644	50853	0	0	0
4392444	756441	46615	2119	0	0
4653067	864504	65685	0	0	0
4570431	798819	46615	0	0	0
4733585	881455	67804	2119	0	0
4519577	851791	50853	2119	0	0
4386088	834840	42378	0	0	0
4557717	792462	38140	2119	0	0
4466605	885693	48734	0	0	0
4500507	828483	59329	2119	0	0
4617046	949260	50853	2119	0	0
4483556	894169	46615	2119	0	0
4523815	851791	38140	0	0	0
4754773	889931	65685	4238	0	0
4682731	830602	55091	2119	0	0
4627640	834840	38140	2119	0	0
4706039	896288	48734	0	0	0
4576787	794581	46615	0	0	0
4396682	805176	31783	2119	0	0
4477200	856029	31783	0	0	0
4542885	885693	48734	0	0	0
4561955	771273	61448	0	0	0
4604333	940784	57210	0	0	0
4388207	792462	36021	0	0	0
4449654	805176	50853	0	0	0
4557717	851791	33902	0	0	0
4447535	862385	50853	0	0	0
4655186	959854	50853	0	0	0
4424228	845434	38140	2119	2119	0
4470843	883574	52972	2119	0	0
4328878	760679	40259	0	0	0
4477200	807294	63566	0	0	0
4638235	834840	31783	0	0	0
4496270	830602	40259	2119	2119	0
4805627	860266	44497	4238	0	0
4585263	866623	52972	0	0	0
4697564	968330	59329	0	0	0
4638235	758560	42378	2119	0	0
4691207	849672	46615	0	0	0
4633997	856029	42378	2119	0	0
4498389	911120	69923	2119	0	0
4555598	872980	55091	0	0	0
4581025	885693	46615	2119	2119	0
4479319	870861	48734	4238	0	0
4648829	820008	44497	0	0	0
4458130	832721	72042	0	0	0
4456011	767036	48734	0	0	0
4439060	856029	72042	0	0	0
4530172	909001	69923	8476	4238	0
4987851	1031896	139846	50853	16951	0
5025990	1048847	201294	44497	6357	0
4826815	961973	125014	57210	19070	2119
4807746	909001	59329	4238	4238	0
4559836	872980	50853	0	0	0
4553480	849672	44497	4238	2119	0
4576787	839078	50853	6357	2119	2119
4604333	909001	33902	0	0	0
4301332	872980	48734	2119	0	0
4441179	868742	55091	4238	0	0
4587382	877218	55091	2119	2119	0
4727228	902644	52972	4238	2119	0
4737822	906882	52972	4238	2119	0
4517459	858148	57210	2119	0	0
4670018	887812	42378	0	0	0
4648829	847553	76280	6357	2119	0
4489913	923833	84755	4238	2119	0
4436941	913239	52972	0	0	0
4644592	832721	63566	8476	2119	2119
4528053	898406	57210	2119	0	0
4629759	887812	61448	4238	2119	0
4506864	917476	52972	2119	0	0
4631878	911120	72042	2119	0	0
4545004	824245	63566	6357	0	0
4477200	839078	46615	2119	2119	0
4377612	915357	65685	2119	0	0
4612808	959854	63566	4238	2119	0
4536529	909001	40259	4238	2119	0
4523815	830602	72042	4238	0	0
4686969	872980	52972	2119	0	0
4542885	839078	74161	2119	0	0
4347948	875099	55091	0	0	0
4640354	881455	69923	6357	4238	2119
4547123	858148	67804	8476	2119	0
4422109	925952	65685	2119	0	0
4720871	911120	67804	4238	0	0
4451773	843315	44497	6357	0	0
4432703	909001	46615	0	0	0
4456011	767036	46615	2119	0	0
4494151	845434	55091	2119	0	0
4625522	862385	38140	2119	2119	0
4799270	851791	61448	10594	4238	0
4557717	813651	42378	2119	0	0
4636116	862385	44497	2119	0	0
4667899	881455	59329	2119	0	0
4561955	820008	42378	4238	2119	0
4663661	870861	50853	4238	0	0
4729347	936546	69923	2119	0	0
4445417	936546	55091	0	0	0
4629759	900525	23308	0	0	0
4608571	834840	52972	2119	0	0
4400920	809413	38140	8476	2119	0
4684850	845434	57210	4238	2119	0
4589501	938665	67804	0	0	0
4623403	964092	63566	2119	0	0
4523815	858148	48734	2119	0	0
4320402	847553	52972	0	0	0
4604333	836959	27545	2119	2119	2119
4547123	834840	33902	0	0	0
4479319	786106	50853	0	0	0
4633997	841197	42378	2119	0	0
4621284	864504	42378	2119	0	0
4561955	775511	61448	8476	2119	0
4576787	889931	42378	4238	2119	2119
4523815	866623	40259	0	0	0
4369137	790343	57210	0	0	0
4468724	805176	48734	0	0	0
4498389	849672	55091	4238	0	0
4472962	788224	46615	2119	0	0
4602214	919595	57210	4238	0	0
4447535	900525	57210	2119	0	0
4665780	942903	55091	4238	4238	0
4633997	868742	42378	2119	2119	2119
4386088	875099	69923	4238	0	0
4324640	843315	40259	0	0	0
4540766	866623	48734	0	0	0
4602214	885693	52972	6357	2119	0
4398801	841197	63566	4238	0	0
4792913	883574	42378	0	0	0
4739941	877218	59329	2119	0	0
4638235	862385	67804	2119	2119	0
4403039	853910	44497	0	0	0
4458130	820008	59329	6357	0	0
4663661	875099	80518	6357	2119	0
4614927	858148	50853	2119	0	0
4530172	904763	55091	2119	2119	0
4530172	858148	50853	2119	0	0
4347948	788224	44497	0	0	0
4472962	832721	48734	0	0	0
4456011	826364	42378	0	0	0
4650948	836959	69923	2119	0	0
4441179	803057	57210	4238	0	0
4617046	892050	55091	4238	2119	0
4477200	811532	42378	2119	2119	0
4407277	883574	40259	2119	0	0
4555598	860266	59329	2119	0	0
4428465	824245	50853	0	0	0
4746298	936546	72042	2119	2119	0
4720871	887812	65685	2119	0	0
4447535	877218	67804	4238	2119	0
4606452	883574	59329	8476	4238	0
4570431	864504	46615	4238	0	0
4667899	978924	57210	4238	2119	0
4311927	839078	42378	0	0	0
4525934	864504	44497	4238	2119	0
4487794	894169	52972	2119	0	0
4506864	845434	69923	0	0	0
4521696	767036	38140	4238	4238	0
4564074	917476	63566	0	0	0
4701801	883574	74161	0	0	0
4523815	856029	67804	4238	0	0
4642473	934427	55091	2119	2119	0
4566193	919595	44497	2119	0	0
4464486	872980	50853	2119	0	0
4576787	839078	48734	4238	2119	0
4521696	906882	44497	2119	0	0
4667899	839078	55091	2119	2119	2119
4394563	856029	46615	2119	0	0
4506864	894169	44497	0	0	0
4667899	872980	63566	2119	2119	0
4583144	828483	42378	4238	2119	0
4549242	919595	46615	2119	0	0
4585263	853910	52972	2119	0	0
4504745	853910	40259	0	0	0
4591619	864504	40259	0	0	0
4504745	826364	46615	2119	2119	0
4557717	947141	46615	0	0	0
4477200	790343	63566	0	0	0
4542885	853910	65685	2119	0	0
4464486	862385	55091	4238	0	0
4636116	885693	61448	2119	0	0
4619165	862385	48734	4238	2119	0
4464486	788224	52972	0	0	0
4481438	845434	46615	2119	2119	0
4396682	817889	44497	2119	0	0
4424228	883574	61448	0	0	0
4682731	898406	55091	0	0	0
4288619	872980	72042	2119	0	0
4578906	915357	48734	0	0	0
4578906	881455	67804	4238	0	0
4600095	779749	25427	4238	0	0
4583144	917476	52972	8476	0	0
4600095	906882	63566	2119	2119	0
4578906	851791	48734	2119	0	0
4517459	853910	61448	2119	2119	0
4508983	769155	42378	0	0	0
4629759	864504	65685	4238	0	0
4513221	853910	57210	0	0	0
4771725	875099	61448	0	0	0
4551361	858148	40259	0	0	0
4583144	811532	50853	2119	2119	0
4500507	856029	48734	0	0	0
4426347	858148	38140	0	0	0
4570431	847553	33902	2119	0	0
4339472	786106	33902	0	0	0
4566193	851791	50853	0	0	0
4424228	830602	46615	0	0	0
4424228	830602	55091	0	0	0
4487794	822127	52972	0	0	0
4547123	959854	52972	0	0	0
4536529	906882	63566	2119	0	0
4496270	800938	42378	4238	0	0
4650948	921714	52972	2119	0	0
4691207	879336	38140	2119	0	0
4530172	909001	65685	4238	2119	0
4441179	851791	57210	0	0	0
4534410	820008	55091	2119	2119	0
4413633	864504	48734	0	0	0
4525934	894169	42378	0	0	0
4621284	862385	33902	0	0	0
4631878	919595	65685	2119	0	0
4555598	792462	57210	2119	0	0
4561955	858148	40259	0	0	0
4523815	875099	55091	4238	0	0
4489913	830602	55091	2119	0	0
4536529	834840	59329	4238	0	0
4610689	879336	50853	0	0	0
4472962	864504	63566	2119	0	0
4608571	834840	52972	2119	0	0
4390326	860266	59329	0	0	0
4659424	826364	67804	0	0	0
4468724	830602	50853	2119	0	0
4629759	906882	36021	2119	0	0
4521696	896288	44497	0	0	0
4538647	860266	42378	2119	2119	0
4407277	828483	44497	0	0	0
4593738	858148	50853	2119	2119	0
4604333	836959	57210	2119	2119	0
4659424	923833	55091	0	0	0
4572550	898406	52972	0	0	0
4714515	877218	69923	2119	0	0
4746298	864504	74161	0	0	0
4617046	872980	55091	0	0	0
4600095	892050	61448	4238	2119	2119
4655186	834840	55091	0	0	0
4591619	839078	48734	0	0	0
4439060	900525	76280	0	0	0
4765368	777630	50853	0	0	0
4718752	936546	72042	2119	0	0
4593738	813651	40259	2119	0	0
4894620	972567	59329	0	0	0
4542885	832721	33902	0	0	0
4597976	817889	48734	0	0	0
4534410	928071	63566	0	0	0
4737822	894169	67804	0	0	0
4672137	822127	50853	2119	0	0
4695445	826364	61448	2119	0	0
4684850	932309	33902	0	0	0
4735704	955616	72042	0	0	0
4765368	930190	57210	2119	2119	0
4786557	883574	55091	4238	0	0
4720871	892050	69923	2119	0	0
4570431	870861	40259	0	0	0
4568312	894169	55091	0	0	0
4536529	834840	25427	0	0	0
4708158	830602	48734	2119	0	0
4559836	864504	61448	2119	0	0
4559836	853910	40259	2119	2119	0
4722990	889931	31783	0	0	0
4699682	896288	61448	0	0	0
4657305	847553	50853	2119	0	0
4475081	870861	36021	0	0	0
4657305	883574	80518	8476	0	0
4521696	870861	57210	0	0	0
4706039	817889	57210	2119	0	0
4888263	940784	59329	0	0	0
4729347	862385	82636	2119	0	0
4597976	909001	61448	0	0	0
4782319	930190	44497	2119	0	0
4858599	953497	38140	2119	2119	2119
4538647	836959	38140	0	0	0
4593738	887812	59329	2119	0	0
4600095	904763	65685	2119	0	0
4602214	906882	55091	0	0	0
4737822	981043	44497	2119	0	0
4701801	909001	40259	0	0	0
8882358	826364	38140	0	0	0
5343823	925952	63566	0	0	0
5059893	961973	52972	0	0	0
4727228	906882	63566	2119	0	0
4934879	902644	48734	0	0	0
4517459	796700	48734	4238	2119	0
4769606	843315	61448	0	0	0
4767487	970448	63566	0	0	0
4602214	849672	44497	0	0	0
4737822	932309	65685	4238	0	0
4761130	959854	74161	2119	0	0
4801389	957735	52972	2119	0	0
4843767	904763	65685	4238	0	0
4646710	858148	65685	2119	0	0
4896739	938665	52972	2119	2119	2119
4672137	911120	55091	0	0	0
4532291	841197	33902	0	0	0
4816221	919595	52972	2119	0	0
4636116	885693	67804	2119	0	0
4731466	902644	80518	4238	2119	2119
4748417	930190	46615	2119	2119	0
4661543	875099	48734	2119	0	0
4708158	1000113	72042	4238	0	0
4617046	966211	67804	2119	2119	2119
4595857	843315	42378	0	0	0
4625522	887812	67804	2119	2119	0
4600095	866623	55091	2119	0	0
4706039	856029	69923	2119	0	0
4756892	843315	57210	2119	2119	2119
4629759	862385	50853	4238	2119	2119
4672137	911120	52972	2119	0	0
4850123	745847	38140	2119	0	0
4564074	851791	48734	0	0	0
4581025	841197	55091	0	0	0