0.3um/m3	0.5um/m3	1.0um/m3	3.0um/m3	5.0um/m3	10.0um/m3
9104134	1956435	713357	70629	14126	0
7977594	1716295	547378	45909	10594	0
8277770	1751610	575630	49441	7063	3531
8193014	1783393	550910	42378	14126	3531
8719204	1719827	536784	60035	17657	3531
8108259	1557379	473217	24720	3531	0
8055287	1719827	512063	42378	7063	0
8274238	1677449	490875	45909	17657	7063
7839867	1553848	437902	31783	7063	0
8323679	1811645	430840	42378	10594	0
8164762	1444372	395525	35315	14126	0
8048224	1635071	444965	38846	10594	0
9082945	1846960	452028	45909	3531	0
9051162	1786925	335490	21189	7063	0
9552631	1822239	462623	42378	10594	3531
9489064	1903463	469686	24720	14126	10594
9598540	1846960	462623	35315	14126	3531
9157106	1688043	367273	17657	14126	3531
9439624	1984687	430840	38846	21189	3531
9358400	1691575	370805	21189	10594	3531
9344274	1875211	409651	35315	10594	0
9291302	1906995	423777	21189	7063	0
9587946	1726890	462623	35315	14126	3531
10304834	1857554	466154	38846	24720	0
9573820	1776330	413182	31783	21189	7063
8934623	1666855	430840	35315	10594	3531
9580883	1737484	437902	24720	10594	7063
8973470	1723358	367273	28252	17657	7063
9061756	1698638	409651	28252	10594	3531
8984064	1624477	353147	24720	7063	0
9421966	1776330	430840	35315	14126	3531
9344274	1719827	402588	35315	7063	3531
9817491	1804582	469686	24720	3531	0
10251862	2235422	614476	52972	10594	3531
10753331	2493219	833427	88287	21189	3531
11205360	2690981	939371	77692	14126	3531
11459626	2602695	879336	84755	14126	0
11364276	2818114	949966	67098	14126	3531
11812773	2698044	918183	81224	17657	10594
11593821	2683918	886399	52972	14126	7063
11699766	2878149	1034721	77692	14126	3531
12169451	2941716	1098288	102413	24720	3531
12137668	2998219	1105351	81224	21189	0
12116479	3051192	1066504	84755	10594	0
11971689	3188919	1172449	84755	7063	3531
11865745	3012345	1087693	91818	10594	3531
12155325	3037066	1055910	81224	21189	3531
10951094	2359023	716889	77692	17657	3531
11071164	2320177	632133	24720	14126	3531
11819836	2747485	1013532	77692	10594	3531
11650325	2835772	960560	74161	21189	3531
11431374	2514408	882868	77692	7063	3531
11530255	2450841	822833	60035	21189	0
11452563	2436715	773392	67098	14126	3531
11215954	2334303	716889	45909	10594	3531
11328961	2224827	660385	56504	10594	3531
10781583	2136540	618008	56504	17657	3531
11180639	2034128	614476	56504	10594	7063
11275989	2140072	681574	81224	14126	7063
11078227	2072974	550910	63566	21189	3531
10958157	1963498	554441	60035	17657	3531
11078227	2072974	505000	52972	24720	0
10866338	1811645	557973	52972	14126	10594
11159450	2076505	575630	63566	28252	0
10566163	1846960	582693	77692	17657	7063
10721548	1917589	600350	52972	10594	0
12240081	2553254	593287	14126	3531	0
11954032	2369617	522658	24720	10594	7063
11438437	2351960	603882	38846	14126	0
11597353	2320177	515595	24720	7063	0
11632668	2277799	459091	17657	3531	0
11590290	2295457	476749	24720	10594	7063
11244206	1998813	501469	35315	14126	3531
11085290	2076505	448497	14126	3531	3531
11247737	2080037	420245	38846	7063	0
11869276	2094163	512063	21189	10594	7063
11622073	2002344	448497	14126	10594	3531
12162388	2200107	526189	35315	3531	0
11939906	2087100	444965	35315	10594	0
11166513	2238953	391993	28252	14126	7063
11865745	2217764	459091	52972	17657	3531
11837493	2034128	413182	35315	17657	3531
11897528	2171855	512063	38846	3531	0
12021130	2154198	459091	21189	14126	3531
12388403	2182449	430840	35315	7063	3531
12787459	2327240	561504	31783	10594	3531
15485503	3648010	1140665	49441	10594	3531
18278897	4446123	1575036	109476	31783	3531
17788023	4650948	1553848	88287	28252	7063
23650266	6798083	2436715	137727	38846	3531
37454788	12091759	7045286	2147135	430840	24720
96271449	72317477	63898448	30857999	7737454	120070
144779744	128171233	122308990	67355759	20284773	247203
96794107	52841411	41417100	18434282	4308395	60035
168882038	156737307	145507227	76106746	20599074	208357
275610175	272883879	271488947	135347183	32210553	204825
237226609	234878181	225653977	109991217	30607265	247203
374604389	370896343	370896343	219636349	86627000	1303113
178229844	137564947	111103630	49811408	10131792	60035
250222425	247746863	238494408	123258956	32994540	314301
214370925	193874263	168165149	75651186	15471377	109476
158933882	57849037	12783927	2175387	434371	31783
131572040	56683652	9616197	618008	67098	3531
111658071	51407633	8994658	607413	74161	3531
95900645	40424756	7154762	480280	49441	7063
66730689	17113512	3125352	402588	35315	0
33690240	4559130	1401994	165979	31783	3531
22887468	3354898	1087693	56504	14126	3531
19995193	3492625	981749	49441	10594	0
19656171	3001751	844022	49441	17657	0
18568478	3068849	879336	42378	7063	3531
17999911	3033534	812238	56504	14126	7063
18925157	3022940	904057	45909	14126	3531
17579666	2842835	752203	45909	3531	3531
16972253	2758079	752203	24720	14126	3531
17427813	2789863	656854	38846	10594	3531
16340119	2556785	674511	63566	21189	0
15912811	2708639	670980	10594	3531	0
15810399	2546191	628602	28252	7063	0
18056415	3404339	773392	31783	10594	3531
73567618	10555569	1680981	35315	3531	0
73691219	10612072	1560910	49441	7063	0
71572336	10573226	1652729	42378	3531	3531
69252159	9595009	1663323	56504	10594	0
67126213	9358400	1345491	28252	3531	0
66109150	8927560	1359617	31783	3531	0
63880791	8645043	1412589	49441	7063	3531
61991454	8362525	1313707	38846	7063	0
60031487	7550286	1154791	38846	7063	3531
57414666	7437279	1324302	38846	14126	3531
56782533	7260706	1108882	28252	3531	0
56097427	6667419	1045316	49441	3531	0
55129804	6723922	1158323	24720	10594	0
54013859	6476719	995875	31783	3531	3531
53307565	6268362	1017064	10594	7063	0
52509452	5982313	896994	17657	7063	3531
51082738	5480844	935840	45909	10594	3531
49716058	5625634	1013532	14126	3531	0
48063329	5314865	861679	24720	0	0
47060391	5198326	882868	28252	3531	0
48808470	6024691	1373742	49441	14126	3531
53699558	7730391	2087100	81224	10594	3531
48126896	6812209	1737484	74161	10594	3531
49553610	7688014	2058848	98881	10594	0
44312906	6300145	1617414	88287	35315	3531
44584830	6964062	1956435	113007	17657	0
121832241	84723537	73468737	29851530	5918747	52972
176612430	157461259	153188178	73362792	18964003	176574
129721549	92139627	84133781	36360032	6660356	52972
239624478	232211919	232141290	115055347	28975725	158916
679631722	672904269	672904269	386318280	111206043	211888
671092624	664449926	664449926	349509751	98143129	197762
472087132	467414995	467414995	274102236	86863609	307238
531507675	526245782	526245782	314728286	104047750	579161
320382173	317210911	317210911	181390511	53650118	218951
189301007	77173250	23547853	8051755	2196575	31783
169503577	59710123	8369588	621539	60035	3531
155070452	52004452	7045286	459091	74161	3531
130438437	38846188	5459655	349616	24720	0
100346767	23148797	3436122	317832	35315	0
55853756	7260706	1793988	169511	21189	3531
37278215	4583850	1190106	77692	7063	0
30790901	4085913	1017064	42378	7063	3531
28788557	4082381	914651	28252	7063	0
29332404	4216577	960560	42378	7063	0
27870374	4068255	967623	45909	10594	0
26344779	3930528	868742	56504	3531	0
26267086	3810458	815770	24720	7063	0
25302994	3679793	759266	42378	10594	0
25769149	3941122	815770	42378	7063	0
25747960	3439653	829896	38846	24720	0
23537259	3824584	794581	38846	7063	0
22809775	3453779	702763	24720	10594	0
23650266	3538535	702763	35315	14126	3531
17117043	3418465	660385	31783	0	0
16082322	2973499	649791	52972	17657	14126
16597917	3344304	695700	21189	7063	3531
16788616	3047660	632133	28252	10594	3531
16248301	3277206	681574	31783	7063	3531
15580853	2924059	533252	21189	7063	3531
14609698	2751016	529721	17657	3531	0
15026412	2881681	596819	45909	10594	3531
15252426	2959373	610945	10594	3531	3531
15022880	2796926	536784	45909	14126	3531
14645013	2839303	547378	38846	3531	3531
14231831	2535597	550910	17657	10594	3531
13998754	2761611	522658	21189	10594	3531
14115292	2712170	600350	42378	3531	3531
14048194	2715702	565035	24720	3531	0
14214173	2906401	579161	24720	3531	0
13829243	2828709	589756	28252	10594	7063
13790397	2641541	575630	35315	14126	0
13271271	2620352	483812	38846	14126	0
13627949	2648604	501469	17657	7063	3531
19617325	5021753	1628008	91818	35315	0
21665579	5124165	1599757	116539	28252	3531
49108645	17650295	11713892	4601508	1080630	17657
112533876	91624032	85850076	48720183	14662670	109476
266424817	263790339	263790339	172678370	76721222	1179512
316264477	313135593	313135593	204740601	82961332	886399
413648339	409555364	409555364	263942192	111785204	1416120
136057009	114967060	102981245	66614150	30183488	543847
199528149	188019083	182478204	119713358	51333472	625070
128241862	102988308	86111405	55136867	24554322	469686
119148323	79998428	57619492	35646675	15390154	264860
423797789	419602400	419602400	269889191	107045969	995875
123421403	76760068	51065080	30579013	14228299	402588
137063478	98040716	71914889	42543639	16029350	264860
402488889	398505389	398505389	269486603	121931122	1454966
131028193	48384693	12353088	2217764	476749	14126
103457994	43359409	7857524	653322	95350	7063
92422145	37772621	6720391	501469	74161	3531
76357480	28664956	4633291	395525	49441	7063
63467609	20207081	3623290	406119	56504	7063
48250497	11388996	2556785	324895	38846	7063
36126955	6730985	1850491	236609	35315	7063
27326528	4809864	1331365	141259	21189	7063
21005193	4304864	1211295	105944	17657	3531
19239458	4096507	1133602	81224	24720	3531
19398374	4251892	1059442	67098	17657	7063
20422501	4672137	1281924	81224	21189	7063
18501380	4096507	988812	35315	14126	3531
18384841	4223640	1017064	38846	14126	3531
17547883	3700982	907588	38846	17657	3531
17067603	3686856	801644	38846	17657	3531
17639701	3693919	766329	45909	17657	3531
17678547	3895213	889931	52972	17657	10594
16972253	3845773	787518	35315	10594	3531
16029350	3570318	699231	38846	10594	3531
15965783	3595038	769861	45909	17657	0
16410749	3690388	738078	38846	10594	3531
16297742	3750423	723952	24720	7063	0
17498442	4050598	798113	31783	7063	0
16965190	3718640	773392	28252	17657	10594
15107636	3485563	607413	28252	7063	0
16322462	3609164	727483	35315	14126	10594
15089978	3259548	702763	35315	14126	10594
14175327	3167730	614476	21189	3531	3531
15019349	3167730	642728	38846	21189	10594
14115292	2881681	561504	38846	17657	10594
14320118	3157136	579161	28252	7063	0
14302460	3125352	653322	28252	14126	3531
13744488	2849898	561504	35315	14126	3531
14189453	3167730	603882	31783	17657	7063
13295991	2818114	614476	28252	7063	0
12342493	2525002	508532	42378	24720	7063
12391934	2701576	550910	49441	7063	0
12441375	2387275	462623	21189	10594	3531
13059382	2701576	572098	24720	3531	0
12720361	2849898	681574	31783	7063	0
18882779	4435528	1419652	116539	31783	3531
23950441	5071193	1790456	165979	45909	3531
20072885	4488500	1649197	141259	38846	3531
17360715	4431997	1582099	173042	52972	7063
18628513	4520284	1705701	158916	17657	3531
23431315	5540879	2203638	282518	63566	14126
23162923	5417278	2002344	218951	63566	10594
26168205	6031754	2517939	271923	52972	7063
18409562	4933466	1825771	169511	42378	7063
23067573	5318396	2203638	236609	52972	3531
41028638	8030567	3457311	593287	141259	7063
67998487	25564323	18646170	10629730	4167137	74161
73104995	16273021	6455530	1928184	543847	17657
40463602	6056474	2002344	211888	60035	7063
46650741	8291895	3351367	469686	77692	17657
17971659	3926996	1370211	113007	10594	3531
15983441	3743360	1267798	84755	21189	0
16481378	3965843	1483218	95350	17657	7063
13518474	2984094	822833	77692	21189	0
12727424	2874618	829896	67098	10594	3531
12215360	2825177	776924	42378	14126	3531
13190047	3075912	865211	60035	14126	0
12088228	2888744	762798	56504	14126	0
11477283	2577974	685106	35315	17657	3531
11816304	2761611	727483	28252	10594	3531
12423717	2821646	702763	28252	7063	3531
10742737	2200107	568567	28252	7063	3531
12158857	2623883	529721	52972	7063	0
11625605	2779268	660385	24720	3531	0
10728611	2373149	550910	38846	10594	0
11484346	2616821	610945	28252	3531	0
11607947	2645072	575630	24720	3531	0
11597353	2599163	610945	31783	3531	0
0	0	0	0	0	0
0	0	0	0	0	0
0	0	0	0	0	0
0	0	0	0	0	0
0	0	0	0	0	0
0	0	0	0	0	0
0	0	0	0	0	0
0	0	0	0	0	0
0	0	0	0	0	0
3531	3531	3531	3531	3531	3531
0	0	0	0	0	0
0	0	0	0	0	0
0	0	0	0	0	0
0	0	0	0	0	0
0	0	0	0	0	0
0	0	0	0	0	0
0	0	0	0	0	0
0	0	0	0	0	0
0	0	0	0	0	0
3531	3531	3531	3531	0	0
0	0	0	0	0	0
0	0	0	0	0	0
0	0	0	0	0	0
0	0	0	0	0	0
0	0	0	0	0	0
0	0	0	0	0	0
0	0	0	0	0	0
0	0	0	0	0	0
0	0	0	0	0	0
0	0	0	0	0	0
0	0	0	0	0	0
0	0	0	0	0	0
0	0	0	0	0	0
0	0	0	0	0	0
0	0	0	0	0	0
0	0	0	0	0	0
398936228	1384337	0	0	0	0
170058018	526189	0	0	0	0
87615812	0	0	0	0	0
0	0	0	0	0	0
0	0	0	0	0	0
2411995	459091	134196	63566	42378	17657
2517939	480280	123602	49441	31783	10594
3054723	565035	141259	63566	52972	14126
2563848	536784	180105	77692	35315	14126
2659198	437902	88287	31783	21189	10594
2736891	448497	127133	35315	24720	0
2680387	430840	84755	31783	14126	7063
2747485	554441	120070	42378	24720	7063
2754548	501469	95350	28252	21189	7063
3082975	512063	98881	38846	17657	7063
2945247	596819	88287	24720	10594	7063
2856961	557973	56504	21189	14126	3531
3764549	628602	102413	35315	28252	10594
3337241	600350	102413	38846	17657	7063
3171262	589756	60035	10594	3531	3531
3125352	515595	113007	38846	17657	3531
3270143	572098	84755	24720	10594	3531
3090038	497938	52972	17657	10594	3531
3157136	515595	91818	14126	7063	3531
3217171	522658	52972	10594	3531	3531
3559723	554441	74161	14126	7063	3531
3453779	557973	70629	24720	17657	7063
3390213	529721	56504	24720	10594	3531
4453186	727483	63566	7063	7063	3531
4043535	727483	84755	21189	14126	3531
4220109	731015	70629	24720	10594	0
4354305	716889	60035	3531	3531	0
3792801	670980	60035	10594	7063	3531
3708045	610945	67098	21189	10594	7063
4329584	692168	84755	14126	3531	3531
4202451	702763	60035	21189	7063	0
4280144	699231	74161	21189	10594	3531
3761017	586224	67098	17657	14126	7063
4354305	685106	35315	14126	3531	0
4287207	702763	42378	17657	7063	7063
4297801	646259	52972	7063	3531	0
3729234	618008	28252	3531	3531	3531
4386088	727483	81224	7063	3531	0
3990563	610945	45909	3531	3531	3531
4619165	663917	60035	10594	7063	0
4502626	667448	63566	3531	3531	0
4693326	734546	21189	7063	7063	3531
4170668	639196	74161	7063	3531	0
4710983	702763	70629	3531	0	0
4266018	685106	91818	3531	0	0
4386088	801644	52972	3531	3531	0
4011752	639196	52972	14126	3531	0
4149479	656854	31783	3531	3531	0
4781613	780455	60035	14126	3531	0
4251892	628602	38846	3531	3531	0
4509689	720420	49441	10594	7063	0
4085913	663917	52972	10594	7063	0
4043535	589756	52972	3531	3531	0
4092976	670980	45909	7063	3531	0
4209514	660385	31783	3531	3531	0
4223640	649791	49441	7063	0	0
4124759	628602	49441	3531	3531	3531
4181262	632133	38846	3531	3531	0
4170668	685106	56504	7063	3531	3531
4523815	621539	17657	7063	3531	0
4213046	632133	49441	10594	10594	0
4771018	815770	63566	10594	3531	0
4605039	632133	38846	7063	3531	0
4287207	759266	84755	3531	3531	3531
4326053	706294	63566	7063	3531	0
4213046	670980	77692	3531	3531	0
4410808	625070	28252	7063	7063	0
4650948	713357	60035	14126	3531	0
4290738	741609	63566	7063	7063	0
4414340	572098	38846	3531	3531	0
4318990	639196	49441	3531	3531	0
4403745	656854	31783	7063	3531	0
4693326	593287	35315	10594	0	0
4357836	639196	60035	7063	7063	0
4220109	618008	63566	7063	3531	0
4520284	706294	52972	7063	0	0
4128290	678043	42378	3531	0	0
4410808	639196	45909	14126	7063	0
4188325	589756	24720	3531	0	0
4467312	706294	38846	3531	0	0
3948185	660385	45909	10594	3531	0
4251892	678043	49441	7063	3531	0
4396682	526189	35315	3531	3531	0
4463780	727483	56504	3531	0	0
4537941	695700	42378	10594	7063	0
4230703	706294	49441	3531	3531	0
4096507	678043	35315	3531	0	0
4633291	794581	49441	3531	0	0
4315458	625070	42378	3531	0	0
4364899	674511	28252	3531	3531	0
4456717	667448	45909	7063	0	0
4523815	586224	49441	3531	0	0
4241297	674511	42378	3531	3531	0
4463780	808707	45909	3531	3531	0
4301332	660385	35315	3531	0	0
4523815	805176	42378	7063	0	0
4025878	635665	67098	7063	0	0
4015283	628602	42378	3531	0	0
4523815	653322	42378	0	0	0
4467312	688637	38846	7063	3531	0
4255423	720420	35315	3531	0	0
4502626	713357	52972	3531	0	0
4195388	656854	52972	0	0	0
4576787	780455	28252	3531	0	0
4167137	660385	49441	3531	0	0
4400214	773392	56504	0	0	0
4322521	727483	63566	7063	0	0
3948185	540315	24720	0	0	0
4276612	572098	35315	0	0	0
4357836	670980	52972	0	0	0
4213046	706294	24720	3531	0	0
4548536	660385	21189	0	0	0
4301332	653322	31783	3531	0	0
4301332	603882	35315	7063	3531	0
4153011	625070	35315	7063	3531	0
4068255	625070	63566	0	0	0
4022346	632133	67098	7063	0	0
4110633	646259	52972	3531	0	0
4150892	697113	57210	0	0	0
4561955	705588	50853	2119	0	0
4350067	673805	23308	4238	2119	0
4333116	701350	33902	4238	0	0
4250479	648378	44497	0	0	0
4142416	705588	72042	10594	4238	0
4131822	686518	52972	4238	4238	0
4218696	639903	40259	2119	0	0
4220815	658973	61448	10594	10594	2119
4178437	601763	46615	6357	4238	2119
4278025	663210	55091	8476	8476	4238
4091563	686518	55091	0	0	0
3953836	565742	46615	10594	6357	4238
4203864	622952	50853	6357	0	0
3932647	582693	38140	2119	0	0
4008927	652616	44497	6357	2119	2119
4057661	620833	52972	8476	6357	4238
4114871	627189	63566	10594	6357	2119
4140297	671686	46615	16951	8476	2119
3968668	722539	38140	2119	0	0
4027997	589049	52972	6357	4238	0
4125465	608119	46615	4238	0	0
4057661	637784	48734	2119	2119	2119
4180556	601763	57210	4238	2119	0
4032234	631427	74161	12713	6357	2119
3850010	646259	40259	8476	4238	2119
4057661	608119	36021	2119	0	0
3890269	614476	57210	10594	6357	2119
4066136	629308	55091	6357	4238	0
4072493	595406	40259	2119	0	0
4142416	644140	44497	0	0	0
4044948	625070	63566	8476	2119	0
3907220	678043	48734	4238	2119	0
4119109	644140	46615	2119	0	0
4148773	650497	27545	6357	2119	0
4153011	578455	25427	6357	2119	0
4125465	673805	27545	0	0	0
4000451	669567	55091	2119	0	0
3989857	671686	42378	0	0	0
3958073	578455	46615	2119	0	0
3930528	614476	36021	2119	0	0
3979262	709826	31783	0	0	0
4123346	629308	48734	2119	2119	0
4163605	648378	29664	4238	2119	0
4407277	705588	46615	6357	0	0
4025878	648378	23308	4238	4238	2119
3964430	665329	44497	0	0	0
4019521	686518	63566	16951	8476	0
4108514	595406	42378	4238	2119	0
3792801	658973	50853	6357	2119	0
4040710	675924	42378	8476	4238	0
3958073	635665	42378	2119	2119	0
3839416	680161	44497	4238	2119	0
3856367	616595	25427	2119	0	0
3886031	538196	27545	2119	0	0
4172081	714064	52972	0	0	0
4172081	646259	55091	0	0	0
3896626	656854	46615	0	0	0
4011046	603882	33902	4238	2119	0
4282263	697113	52972	6357	2119	0
4150892	631427	36021	6357	2119	0
3941122	603882	38140	6357	2119	0
4267430	673805	42378	2119	2119	0
3917815	631427	42378	6357	0	0
3975025	618714	31783	2119	2119	0
4108514	711945	38140	2119	0	0
4169962	665329	50853	4238	0	0
4110633	663210	52972	2119	0	0
4290738	648378	105944	10594	4238	0
4106395	669567	44497	4238	0	0
4078850	714064	48734	4238	2119	0
4261074	663210	40259	2119	0	0
4288619	625070	40259	0	0	0
4146654	682280	38140	2119	2119	0
3989857	701350	42378	8476	0	0
4000451	563623	50853	6357	0	0
4222934	769155	52972	2119	0	0
4131822	654735	48734	2119	2119	0
4400920	709826	48734	2119	0	0
4089444	650497	36021	0	0	0
4244123	648378	36021	0	0	0
4085206	610238	55091	4238	2119	2119
4159367	675924	36021	6357	2119	0
4047067	707707	31783	0	0	0
4104276	707707	50853	4238	2119	2119
4265311	697113	44497	6357	2119	0
4347948	644140	38140	2119	2119	0
4102157	652616	31783	2119	0	0
3945360	639903	31783	6357	2119	0
4456011	754322	33902	0	0	0
4273787	760679	48734	2119	0	0
4456011	758560	55091	4238	4238	2119
4068255	675924	31783	4238	0	0
3996213	633546	36021	0	0	0
4148773	671686	27545	4238	2119	0
3875437	603882	50853	0	0	0
3975025	652616	36021	0	0	0
4112752	652616	48734	2119	0	0
4146654	650497	33902	0	0	0
4358542	699231	29664	0	0	0
4180556	690756	42378	2119	0	0
4102157	610238	38140	0	0	0
4460249	680161	44497	2119	0	0
4294976	800938	63566	4238	0	0
3911458	620833	36021	4238	2119	0
4430584	705588	44497	4238	0	0
4248360	711945	52972	6357	2119	2119
4108514	595406	46615	4238	0	0
4292857	690756	40259	0	0	0
4199626	701350	38140	0	0	0
4157248	663210	42378	0	0	0
4468724	692875	44497	0	0	0
4042829	644140	40259	2119	2119	0
4432703	703469	44497	2119	0	0
4040710	661091	42378	0	0	0
3936885	603882	38140	4238	0	0
4068255	680161	48734	0	0	0
3979262	608119	57210	0	0	0
3970787	601763	31783	2119	0	0
3975025	661091	40259	0	0	0
4191151	764917	44497	0	0	0
4280144	650497	40259	4238	2119	2119
4352186	750085	57210	2119	2119	2119
4322521	690756	38140	2119	2119	0
4066136	650497	36021	4238	0	0
3966549	593287	31783	0	0	0
5428578	1139959	381399	182224	135609	50853
4205983	760679	84755	27545	14832	8476
4542885	856029	125014	23308	19070	12713
4297095	671686	46615	4238	4238	2119
4108514	720420	29664	0	0	0
4197507	724658	48734	4238	4238	2119
4100039	692875	33902	2119	0	0
4136060	618714	42378	2119	0	0
4261074	692875	50853	0	0	0
3928409	682280	46615	6357	2119	2119
4095801	661091	40259	4238	0	0
3845773	637784	48734	0	0	0
4239885	699231	55091	0	0	0
4004689	631427	52972	0	0	0
3843654	625070	65685	0	0	0
4057661	673805	23308	4238	0	0
3979262	642022	52972	6357	6357	2119
4127584	650497	50853	6357	2119	0
4083088	675924	46615	8476	6357	4238
4195388	688637	40259	0	0	0
4242004	678043	48734	8476	2119	0
4146654	635665	38140	4238	0	0
4396682	697113	48734	6357	4238	0
4193269	692875	38140	4238	2119	0
3773731	639903	36021	2119	2119	2119
4237766	673805	46615	4238	2119	0
4013164	675924	48734	4238	0	0
4250479	703469	42378	0	0	0
4225053	718301	59329	6357	0	0
4125465	646259	31783	0	0	0
4017402	631427	55091	0	0	0
4364899	781868	46615	6357	2119	0
4290738	745847	65685	6357	4238	0
3841535	656854	50853	2119	0	0
4136060	741609	38140	6357	2119	0
3763136	625070	40259	6357	6357	0
4123346	622952	33902	0	0	0
4229290	747966	67804	6357	2119	0
4116990	665329	59329	10594	6357	4238
3871199	574217	27545	6357	0	0
3943241	673805	44497	10594	2119	0
3979262	658973	50853	6357	4238	0
4231409	714064	31783	4238	4238	2119
3975025	589049	31783	8476	2119	0
3875437	661091	31783	0	0	0
4091563	731015	91112	16951	4238	0
4165724	754322	76280	6357	6357	2119
4059780	639903	46615	0	0	0
3784325	644140	40259	12713	4238	0
3871199	608119	44497	4238	2119	0
3947479	646259	48734	0	0	0
4116990	692875	57210	6357	6357	0
4023759	682280	44497	4238	0	0
4191151	745847	50853	2119	0	0
4407277	769155	48734	4238	2119	0
4477200	737371	59329	4238	0	0
4458130	688637	40259	6357	0	0
3896626	633546	42378	0	0	0
3873318	631427	48734	2119	0	0
3994094	642022	27545	0	0	0
4083088	644140	36021	4238	0	0
4008927	718301	52972	4238	4238	0
4000451	601763	40259	2119	0	0
3949598	597525	42378	0	0	0
4146654	635665	29664	4238	2119	0
4258955	760679	42378	4238	0	0
4373375	705588	48734	6357	2119	2119
4061899	709826	59329	6357	2119	0
4237766	714064	46615	6357	4238	2119
4068255	694994	46615	0	0	0
4131822	652616	36021	4238	0	0
4142416	747966	36021	4238	0	0
4123346	627189	55091	2119	0	0
4280144	699231	63566	10594	4238	0
4123346	675924	46615	4238	2119	0
3972906	614476	44497	2119	2119	0
4210221	697113	61448	2119	0	0
4157248	673805	33902	0	0	0
3958073	663210	40259	2119	2119	2119
3873318	629308	48734	0	0	0
4178437	754322	61448	0	0	0
3985619	622952	40259	2119	0	0
4074612	646259	55091	2119	2119	0
4040710	593287	36021	0	0	0
3953836	608119	23308	0	0	0
3767374	618714	36021	0	0	0
3839416	589049	29664	2119	2119	0
3915696	694994	69923	2119	0	0
3811871	642022	40259	2119	0	0
4025878	665329	36021	8476	4238	0
3939003	678043	69923	6357	0	0
3843654	654735	38140	0	0	0
4136060	735252	46615	2119	0	0
4176318	675924	36021	2119	0	0
3972906	654735	31783	0	0	0
4053423	686518	63566	6357	2119	0
4019521	673805	57210	2119	0	0
3886031	667448	40259	2119	0	0
4157248	735252	61448	0	0	0
4044948	673805	65685	10594	4238	0
3913577	635665	52972	0	0	0
4066136	703469	57210	6357	2119	0
3752542	656854	33902	4238	0	0
4044948	642022	46615	2119	0	0
4057661	671686	31783	4238	0	0
4309808	663210	42378	2119	0	0
4159367	699231	52972	4238	0	0
4157248	631427	36021	2119	2119	0
4174200	648378	38140	0	0	0
4023759	682280	36021	4238	2119	0
3934766	550910	40259	4238	0	0
4008927	701350	38140	2119	2119	0
4477200	720420	69923	2119	0	0
4242004	711945	46615	0	0	0
4142416	684399	46615	4238	2119	0
4051304	599644	42378	0	0	0
3879675	688637	46615	4238	0	0
4023759	697113	48734	2119	0	0
4000451	694994	55091	2119	0	0
4015283	654735	44497	4238	0	0
3873318	673805	36021	0	0	0
4220815	739490	86874	16951	4238	2119
4267430	743728	74161	25427	21189	8476
4314046	733134	114420	38140	21189	12713
4483556	796700	101706	33902	21189	8476
4282263	678043	65685	25427	10594	4238
4407277	758560	101706	25427	12713	6357
4286500	800938	65685	19070	12713	4238
4339472	813651	99588	29664	19070	6357
4297095	663210	76280	21189	19070	6357
4271668	741609	86874	19070	10594	0
4218696	731015	88993	21189	10594	6357
4237766	665329	82636	31783	16951	2119
3894507	639903	74161	12713	6357	2119
4303451	783987	84755	16951	10594	0
3972906	680161	80518	12713	6357	4238
4231409	741609	112301	23308	14832	4238
4008927	743728	93231	14832	6357	2119
4000451	671686	82636	16951	12713	4238
3905101	747966	91112	14832	6357	2119
4023759	709826	74161	16951	8476	4238
3989857	760679	97469	25427	19070	2119
3989857	783987	78399	10594	8476	2119
3896626	675924	80518	19070	8476	6357
3955955	728896	116539	27545	19070	8476
3968668	637784	82636	21189	8476	0
3924171	705588	72042	29664	23308	6357
4174200	709826	65685	23308	8476	4238
4403039	813651	80518	12713	6357	2119
4138178	798819	88993	21189	10594	0
4333116	690756	63566	8476	6357	0
4142416	711945	80518	21189	4238	2119
4169962	781868	76280	16951	6357	2119
4218696	705588	57210	16951	8476	2119
4314046	764917	80518	25427	12713	0
4174200	735252	88993	21189	8476	2119
4392444	694994	72042	12713	8476	2119
4011046	688637	84755	16951	4238	0
4186913	714064	82636	8476	4238	0
4212339	750085	65685	14832	2119	2119
4208102	783987	65685	10594	4238	2119
4593738	841197	82636	14832	8476	0
4131822	728896	84755	12713	6357	0
4233528	743728	80518	12713	4238	4238
4027997	709826	67804	8476	2119	0
4108514	654735	78399	14832	6357	2119
4246242	714064	86874	14832	10594	2119
4184794	642022	63566	10594	4238	2119
4269549	775511	57210	14832	4238	0
4231409	805176	78399	16951	8476	2119
4246242	692875	86874	8476	6357	4238
3871199	675924	61448	10594	4238	0
4064018	667448	59329	12713	4238	0
3926290	701350	93231	19070	4238	0
3858486	673805	80518	12713	4238	0
4004689	680161	59329	14832	6357	0
3968668	661091	59329	19070	6357	0
4271668	737371	72042	12713	6357	4238
4116990	707707	76280	8476	2119	0
4042829	741609	76280	14832	6357	0
4136060	830602	76280	6357	0	0
4205983	728896	80518	19070	4238	0
3939003	714064	61448	16951	6357	0
3873318	680161	80518	23308	8476	2119
3886031	741609	46615	10594	6357	2119
4059780	728896	57210	23308	8476	0
4144535	737371	59329	8476	0	0
4106395	735252	46615	6357	0	0
3989857	699231	84755	12713	2119	0
4275906	800938	61448	14832	8476	0
3902982	675924	59329	6357	2119	0
3977143	728896	57210	8476	2119	2119
3947479	639903	74161	16951	6357	0
4246242	773392	95350	19070	6357	0
4271668	849672	76280	16951	10594	4238
4227172	726777	67804	2119	2119	0
3837297	663210	67804	14832	2119	0
4267430	678043	61448	10594	4238	0
4002570	739490	61448	2119	2119	0
4036472	790343	61448	8476	4238	0
4070374	728896	76280	12713	2119	0
4104276	625070	52972	10594	2119	0
3907220	633546	55091	8476	2119	0
4148773	792462	76280	10594	4238	0
3866961	663210	50853	4238	2119	0
4032234	709826	63566	6357	2119	2119
3813989	654735	55091	16951	6357	0
4051304	612357	61448	8476	2119	0
4142416	811532	80518	10594	6357	2119
4231409	714064	50853	2119	0	0
4367018	756441	50853	12713	2119	0
4350067	735252	74161	8476	4238	0
4286500	771273	65685	8476	2119	0
3994094	652616	50853	6357	2119	0
3960192	692875	50853	4238	0	0
3835178	642022	57210	6357	2119	0
4159367	760679	52972	6357	2119	2119
4138178	707707	48734	8476	6357	0
4210221	798819	61448	8476	0	0
4114871	722539	42378	4238	4238	0
4023759	714064	63566	2119	0	0
3939003	743728	74161	0	0	0
3953836	783987	59329	6357	0	0
3985619	762798	46615	0	0	0
4019521	639903	38140	4238	2119	0
4023759	707707	44497	4238	2119	2119
3858486	620833	50853	8476	2119	0
4127584	764917	57210	4238	2119	0
4051304	658973	44497	0	0	0
4112752	747966	55091	6357	6357	0
4114871	722539	48734	8476	2119	0
4271668	764917	67804	6357	2119	0
3991976	709826	52972	0	0	0
4057661	701350	82636	6357	2119	0
3966549	724658	55091	6357	2119	0
4102157	720420	57210	2119	2119	0
3790682	671686	38140	2119	0	0
3996213	777630	69923	10594	2119	0
3989857	701350	42378	8476	2119	0
4000451	690756	61448	8476	2119	0
4021640	711945	52972	2119	2119	2119
4195388	701350	72042	4238	2119	0
3975025	652616	67804	6357	4238	2119
4261074	711945	61448	8476	2119	0
3879675	724658	46615	2119	0	0
3886031	686518	40259	4238	0	0
3871199	675924	63566	8476	0	0
4074612	781868	48734	0	0	0
4186913	714064	65685	4238	2119	2119
4019521	678043	65685	16951	0	0
4089444	678043	44497	4238	0	0
3915696	760679	57210	8476	4238	0
4212339	627189	44497	6357	0	0
3962311	635665	31783	0	0	0
4000451	781868	48734	2119	0	0
4023759	762798	67804	8476	0	0
3977143	735252	44497	2119	2119	2119
3998332	762798	67804	4238	0	0
3888150	633546	36021	6357	0	0
3782206	627189	52972	0	0	0
3939003	673805	63566	2119	0	0
4110633	703469	33902	6357	4238	0
4252598	724658	42378	6357	2119	0
4042829	701350	36021	4238	2119	0
4059780	610238	48734	4238	0	0
4123346	722539	55091	4238	0	0
4235647	726777	50853	6357	0	0
4112752	773392	65685	2119	0	0
3767374	703469	59329	8476	0	0
4023759	737371	69923	0	0	0
4032234	661091	38140	4238	0	0
4225053	743728	52972	0	0	0
4231409	720420	50853	4238	0	0
4352186	745847	38140	0	0	0
4121227	735252	57210	2119	2119	0
4383969	743728	57210	4238	2119	0
4341591	839078	48734	4238	0	0
4290738	690756	48734	4238	0	0
4373375	762798	59329	4238	2119	0
4267430	760679	69923	6357	2119	0
4303451	775511	78399	4238	2119	0
3883913	682280	52972	10594	0	0
4347948	720420	38140	2119	2119	2119
4419990	771273	48734	0	0	0
4123346	794581	63566	4238	0	0
4129703	686518	46615	2119	0	0
4021640	694994	33902	2119	2119	0
4025878	618714	55091	0	0	0
3947479	686518	65685	2119	2119	0
4150892	714064	33902	0	0	0
4129703	680161	36021	2119	0	0
4144535	764917	46615	2119	0	0
3960192	716182	46615	2119	0	0
4070374	803057	44497	2119	0	0
4169962	750085	48734	2119	0	0
4027997	718301	52972	4238	0	0
4078850	743728	46615	2119	0	0
4127584	762798	59329	6357	0	0
4345829	794581	63566	6357	0	0
4017402	728896	72042	6357	2119	0
4326759	745847	57210	6357	2119	0
4182675	703469	50853	4238	2119	0
4144535	737371	67804	2119	0	0
4220815	756441	40259	2119	0	0
4358542	764917	69923	0	0	0
3913577	635665	50853	2119	2119	0
3841535	705588	40259	4238	0	0
4032234	667448	31783	0	0	0
3936885	637784	46615	2119	2119	0
3852129	684399	55091	2119	0	0
3875437	788224	65685	0	0	0
4125465	726777	72042	2119	2119	0
4064018	690756	57210	12713	2119	0
3869080	701350	50853	0	0	0
3953836	684399	59329	0	0	0
4061899	656854	57210	2119	0	0
4097920	667448	48734	4238	2119	0
4080969	707707	42378	2119	2119	0
4189032	777630	76280	0	0	0
4038591	737371	38140	4238	2119	0
3932647	627189	50853	2119	0	0
3998332	678043	40259	0	0	0
3968668	678043	38140	2119	2119	0
4100039	728896	52972	8476	0	0
4214458	671686	65685	6357	0	0
3947479	762798	55091	0	0	0
4110633	754322	65685	2119	0	0
3932647	646259	33902	2119	0	0
4121227	728896	36021	0	0	0
4000451	656854	42378	4238	0	0
3945360	701350	31783	2119	0	0
4136060	724658	50853	4238	0	0
4318284	769155	55091	2119	2119	0
4023759	667448	48734	0	0	0
4129703	767036	50853	0	0	0
4097920	764917	48734	2119	0	0
4165724	750085	52972	0	0	0
4072493	758560	40259	2119	0	0
4042829	796700	46615	4238	0	0
4148773	747966	59329	2119	0	0
4284381	767036	44497	2119	0	0
4102157	820008	48734	2119	0	0
4116990	756441	38140	4238	0	0
4008927	669567	50853	0	0	0
4091563	745847	46615	2119	0	0
4216577	737371	42378	0	0	0
3871199	726777	44497	2119	0	0
4027997	671686	31783	0	0	0
4000451	754322	44497	4238	0	0
3960192	724658	44497	2119	0	0
3877556	694994	42378	6357	2119	0
4119109	786106	52972	4238	2119	0
3684738	633546	38140	2119	0	0
3907220	656854	42378	0	0	0
4157248	714064	55091	2119	0	0
4114871	828483	48734	2119	0	0
4027997	699231	63566	0	0	0
4184794	764917	59329	4238	2119	0
3960192	699231	55091	2119	0	0
4047067	720420	44497	2119	0	0
4256836	811532	82636	6357	2119	2119
4068255	775511	80518	10594	6357	4238
4013164	775511	48734	2119	2119	0
3858486	716182	50853	0	0	0
4191151	841197	59329	2119	0	0
4235647	760679	38140	6357	2119	0
4148773	792462	42378	4238	0	0
4085206	750085	44497	4238	4238	0
4110633	813651	65685	4238	2119	0
4106395	786106	36021	2119	0	0
4095801	737371	55091	2119	0	0
3934766	758560	44497	6357	2119	0
4091563	690756	33902	2119	0	0
4030115	754322	46615	2119	2119	0
4167843	796700	78399	10594	4238	2119
3875437	733134	59329	0	0	0
4193269	722539	67804	0	0	0
4055542	726777	55091	4238	4238	2119
3936885	682280	44497	2119	2119	0
4409396	786106	69923	10594	8476	4238
4316165	783987	52972	2119	2119	0
4038591	750085	52972	2119	0	0
4027997	620833	33902	0	0	0
4178437	767036	46615	2119	0	0
4068255	726777	61448	4238	0	0
4129703	754322	44497	2119	0	0
4233528	750085	76280	6357	2119	0
4057661	760679	48734	4238	2119	0
4047067	832721	65685	4238	0	0
3989857	673805	55091	0	0	0
4049185	688637	38140	4238	0	0
4078850	720420	65685	4238	2119	0
4350067	737371	44497	6357	0	0
4114871	786106	63566	2119	2119	0
4352186	762798	63566	6357	4238	0
4235647	798819	72042	10594	6357	0
3875437	684399	50853	6357	0	0
3958073	711945	61448	6357	0	0
4178437	796700	42378	4238	0	0
3919934	720420	55091	0	0	0
4146654	682280	50853	0	0	0
4085206	788224	46615	2119	0	0
4034353	767036	69923	6357	2119	0
3792801	690756	42378	0	0	0
3994094	661091	46615	2119	0	0
4066136	735252	55091	0	0	0
3875437	773392	65685	2119	2119	0
3964430	716182	48734	6357	6357	0
4044948	686518	57210	0	0	0
4288619	731015	40259	4238	0	0
4108514	762798	55091	0	0	0
4102157	639903	52972	4238	2119	0
3996213	699231	50853	6357	4238	0
3886031	682280	46615	2119	0	0
3994094	805176	65685	2119	0	0
3985619	722539	46615	8476	4238	0
4169962	739490	63566	4238	4238	2119
4000451	718301	42378	2119	0	0
4140297	754322	57210	8476	0	0
4133941	803057	40259	2119	0	0
4201745	775511	69923	0	0	0
4142416	673805	57210	2119	2119	2119
4203864	722539	40259	2119	0	0
4619165	773392	36021	2119	2119	0
4316165	813651	63566	6357	0	0
4335235	773392	55091	10594	6357	0
3943241	688637	36021	0	0	0
3949598	686518	50853	2119	0	0
4025878	697113	52972	2119	0	0
3926290	754322	59329	6357	0	0
4239885	807294	65685	2119	0	0
3979262	739490	44497	2119	0	0
3951717	718301	27545	2119	2119	0
4032234	686518	65685	4238	2119	0
3820346	620833	46615	6357	4238	2119
3972906	716182	40259	2119	0	0
4040710	805176	52972	0	0	0
4023759	709826	44497	0	0	0
3886031	671686	44497	2119	2119	0
4040710	796700	61448	4238	0	0
4055542	747966	46615	0	0	0
4032234	803057	65685	4238	2119	0
3966549	773392	38140	0	0	0
3998332	754322	50853	4238	4238	0
4182675	792462	42378	2119	0	0
3981381	711945	44497	2119	0	0
3983500	658973	48734	2119	0	0
4017402	783987	50853	4238	0	0
4138178	699231	50853	4238	2119	0
3930528	733134	38140	4238	0	0
4049185	754322	55091	2119	0	0
4066136	688637	46615	4238	0	0
4023759	728896	46615	2119	0	0
3966549	783987	52972	2119	0	0
4076731	711945	52972	0	0	0
3994094	699231	44497	2119	0	0
4080969	722539	46615	0	0	0
3847892	745847	61448	0	0	0
4212339	709826	61448	4238	2119	2119
4161486	743728	57210	6357	2119	2119
3975025	658973	36021	0	0	0
4078850	682280	52972	0	0	0
4049185	644140	38140	6357	4238	0
3943241	701350	52972	0	0	0
4212339	762798	59329	2119	0	0
3958073	690756	67804	6357	2119	0
3996213	764917	42378	2119	0	0
3994094	788224	84755	4238	0	0
4085206	743728	46615	0	0	0
4377612	711945	57210	0	0	0
4083088	760679	52972	2119	2119	0
4161486	760679	69923	2119	0	0
4180556	796700	48734	2119	2119	0
4017402	709826	36021	0	0	0
4392444	754322	23308	2119	0	0
4008927	754322	50853	0	0	0
3932647	707707	42378	2119	2119	2119
3915696	722539	33902	2119	2119	0
4102157	684399	42378	0	0	0
4030115	739490	40259	2119	0	0
4076731	728896	38140	0	0	0