0.3um/m3	0.5um/m3	1.0um/m3	3.0um/m3	5.0um/m3	10.0um/m3
2447310	489462	61448	19070	6357	0
2443072	455560	52972	12713	8476	0
2421883	413182	57210	16951	6357	2119
2606226	555147	95350	16951	10594	0
2487569	444965	69923	12713	6357	6357
2451548	497938	57210	8476	4238	2119
2377387	529721	65685	8476	2119	0
2400694	476749	61448	19070	12713	2119
2311701	483105	69923	8476	2119	2119
2445191	474630	52972	10594	2119	0
2527827	449203	55091	14832	8476	6357
2303226	451322	44497	4238	2119	2119
2500282	440728	59329	4238	2119	0
2434597	461916	72042	12713	8476	4238
2419764	413182	29664	6357	2119	0
2413408	468273	61448	14832	4238	2119
2419764	436490	61448	14832	6357	2119
2517233	544553	57210	6357	2119	0
2443072	459798	46615	10594	4238	0
2506639	440728	55091	10594	0	0
2332890	421658	38140	12713	0	0
2298988	470392	44497	14832	2119	0
2451548	500056	44497	14832	0	0
2447310	381399	40259	10594	6357	2119
2330771	500056	38140	0	0	0
2424002	449203	44497	8476	0	0
2271443	408944	38140	4238	0	0
2462142	461916	69923	12713	8476	4238
2345603	470392	59329	6357	2119	0
2392219	444965	44497	6357	2119	0
2315939	442847	72042	2119	0	0
2345603	485224	50853	0	0	0
2349841	457679	46615	6357	2119	2119
2379506	447084	40259	6357	2119	2119
2375268	419539	40259	10594	4238	0
2273561	483105	42378	6357	4238	0
2362555	417420	40259	6357	4238	0
2523590	474630	46615	4238	2119	2119
2460023	451322	72042	14832	4238	0
2392219	430133	42378	2119	0	0
2320177	432252	40259	0	0	0
2330771	428014	48734	6357	6357	2119
2426121	464035	31783	6357	4238	0
2324415	438609	52972	10594	4238	2119
2237540	423777	42378	10594	2119	0
2407051	436490	25427	2119	2119	0
2243897	432252	57210	6357	2119	0
2298988	491581	42378	6357	2119	0
2273561	423777	38140	2119	0	0
2265086	423777	42378	4238	0	0
2296869	408944	23308	4238	2119	0
2303226	415301	40259	6357	4238	0
2337128	455560	33902	10594	2119	0
2385862	506413	55091	4238	0	0
2394338	466154	31783	4238	0	0
2315939	468273	29664	4238	2119	0
2438834	436490	48734	6357	6357	2119
2354079	430133	33902	6357	2119	2119
2265086	434371	36021	2119	0	0
2201519	430133	31783	4238	2119	0
2464261	447084	25427	2119	2119	0
2354079	404707	44497	6357	2119	0
2394338	438609	27545	4238	2119	0
2226946	434371	42378	2119	0	0
2224827	404707	31783	0	0	0
2229065	379280	40259	6357	2119	0
2379506	447084	25427	2119	2119	0
2356198	444965	36021	6357	2119	0
2296869	442847	21189	6357	2119	0
2385862	372923	21189	0	0	0
2146428	434371	23308	2119	2119	0
2298988	459798	50853	2119	0	0
2409170	483105	40259	2119	2119	0
2262967	364448	25427	0	0	0
2411289	466154	25427	0	0	0
2326534	438609	42378	0	0	0
2292631	421658	33902	6357	0	0
2407051	415301	46615	6357	2119	2119
2254492	389874	27545	4238	2119	2119
2404932	383518	29664	0	0	0
2421883	428014	23308	8476	2119	0
2345603	406826	38140	6357	2119	0
2262967	396231	38140	2119	0	0
2269324	423777	36021	0	0	0
2290513	434371	25427	2119	0	0
2366792	402588	33902	0	0	0
2332890	398350	33902	12713	6357	4238
2303226	398350	21189	0	0	0
2256610	372923	27545	2119	0	0
2315939	398350	23308	2119	2119	0
2150666	415301	23308	0	0	0
2277799	368686	31783	4238	2119	0
2195163	394112	27545	0	0	0
2400694	394112	25427	0	0	0
2250254	377161	29664	4238	0	0
2305345	438609	29664	6357	0	0
2214233	447084	25427	2119	0	0
2262967	341140	27545	4238	0	0
2254492	457679	19070	2119	2119	0
2173974	379280	27545	0	0	0
2243897	404707	23308	2119	2119	2119
2335009	455560	25427	0	0	0
2496044	430133	19070	2119	2119	0
2318058	391993	29664	0	0	0
2373149	417420	21189	2119	2119	0
2235422	438609	25427	0	0	0
2250254	360210	19070	2119	0	0
2260848	419539	16951	0	0	0
2315939	368686	29664	4238	2119	0
2231184	430133	21189	6357	2119	0
2220589	370805	46615	2119	2119	0
2248135	383518	27545	2119	2119	2119
2404932	404707	23308	0	0	0
2303226	381399	29664	0	0	0
2332890	417420	36021	0	0	0
2292631	408944	31783	8476	2119	0
2197282	402588	23308	2119	2119	0
2205757	406826	21189	4238	0	0
2239659	468273	31783	2119	0	0
2371030	419539	21189	0	0	0
2330771	442847	29664	0	0	0
2205757	402588	27545	2119	2119	0
2243897	404707	23308	2119	0	0
2269324	425895	21189	0	0	0
2241778	421658	42378	2119	0	0
2246016	372923	19070	2119	0	0
2313820	394112	29664	2119	0	0
2226946	419539	14832	0	0	0
2303226	444965	29664	0	0	0
2260848	381399	27545	0	0	0
2315939	428014	21189	2119	0	0
2252373	428014	25427	2119	0	0
2290513	391993	27545	0	0	0
2413408	415301	29664	2119	0	0
2368911	404707	25427	0	0	0
2390100	389874	27545	4238	2119	0
2265086	377161	31783	4238	0	0
2178212	368686	10594	0	0	0
2229065	398350	38140	4238	0	0
2173974	377161	27545	0	0	0
2152785	408944	27545	0	0	0
2201519	387756	23308	0	0	0
2260848	391993	23308	2119	0	0
2256610	411063	14832	4238	0	0
2298988	413182	33902	2119	0	0
2226946	351735	27545	2119	0	0
2248135	434371	25427	0	0	0
2275680	419539	29664	0	0	0
2322296	444965	29664	0	0	0
2233303	404707	44497	8476	2119	0
2296869	413182	29664	0	0	0
2220589	368686	25427	2119	2119	0
2203638	428014	27545	4238	0	0
2309582	453441	33902	0	0	0
2216352	391993	21189	2119	2119	2119
2296869	478868	16951	0	0	0
2224827	440728	19070	2119	0	0
2415527	440728	27545	0	0	0
2129477	381399	23308	0	0	0
2267205	336902	25427	0	0	0
2392219	394112	36021	0	0	0
2218471	406826	21189	0	0	0
2241778	394112	27545	2119	0	0
2332890	406826	40259	2119	2119	0
2173974	408944	25427	2119	0	0
2284156	419539	21189	2119	0	0
2182449	398350	14832	2119	0	0
2165498	372923	21189	2119	0	0
2267205	428014	23308	0	0	0
2260848	413182	27545	2119	0	0
2220589	400469	27545	0	0	0
2222708	428014	31783	0	0	0
2250254	417420	33902	0	0	0
2226946	400469	14832	2119	2119	2119
2178212	402588	23308	0	0	0
2282037	402588	19070	4238	0	0
2190925	349616	21189	0	0	0
2224827	383518	21189	0	0	0
2235422	423777	29664	0	0	0
2237540	343259	29664	2119	0	0
2129477	396231	19070	2119	0	0
2250254	383518	27545	0	0	0
2256610	375042	19070	0	0	0
2318058	400469	19070	0	0	0
2201519	377161	21189	0	0	0
2286275	406826	40259	0	0	0
2176093	389874	12713	0	0	0
2169736	381399	19070	0	0	0
2332890	398350	23308	2119	2119	0
2241778	360210	21189	2119	2119	0
2330771	389874	19070	2119	0	0
2214233	368686	27545	0	0	0
2157023	415301	25427	2119	0	0
2173974	404707	21189	2119	0	0
2307464	385637	14832	0	0	0
2180331	430133	27545	0	0	0
2197282	421658	21189	0	0	0
2212114	434371	16951	0	0	0
2275680	423777	10594	0	0	0
2390100	387756	21189	0	0	0
2186687	391993	27545	2119	0	0
2271443	417420	16951	0	0	0
2413408	398350	23308	2119	2119	0
2309582	358091	23308	4238	0	0
2201519	362329	21189	0	0	0
2222708	404707	25427	0	0	0
2222708	413182	23308	2119	0	0
2286275	362329	12713	2119	0	0
2326534	379280	25427	2119	2119	0
2301107	368686	25427	4238	2119	0
2250254	402588	31783	0	0	0
2358317	402588	19070	0	0	0
2341366	402588	14832	0	0	0
2190925	436490	23308	2119	2119	0
2279918	428014	29664	0	0	0
2203638	398350	25427	2119	0	0
2199401	417420	16951	0	0	0
2231184	406826	40259	2119	0	0
2233303	364448	19070	0	0	0
2150666	381399	23308	2119	0	0
2282037	408944	31783	0	0	0
2241778	411063	36021	12713	4238	2119
2260848	421658	46615	8476	4238	0
2303226	387756	16951	4238	4238	0
2239659	360210	29664	4238	2119	0
2275680	406826	33902	4238	2119	0
2237540	398350	23308	4238	0	0
2212114	347497	36021	4238	2119	0
2345603	417420	38140	14832	4238	0
2381624	487343	48734	8476	4238	0
2358317	434371	44497	8476	4238	0
2173974	436490	44497	10594	0	0
2345603	413182	44497	16951	2119	0
2320177	497938	76280	14832	4238	0
2402813	428014	63566	6357	4238	0
2411289	461916	76280	25427	12713	0
2555373	517007	80518	14832	10594	0
2407051	470392	74161	25427	8476	0
2551135	495819	82636	27545	14832	0
2237540	457679	63566	27545	6357	0
2260848	442847	76280	12713	2119	0
2318058	466154	99588	16951	4238	0
2428240	519126	105944	23308	6357	0
2553254	495819	74161	23308	8476	2119
2362555	461916	78399	16951	4238	0
2330771	480986	80518	33902	14832	2119
2404932	485224	76280	16951	4238	0
2576562	512770	95350	31783	8476	0
2506639	589049	122895	23308	6357	0
2610464	548791	99588	23308	6357	2119
2544778	559385	116539	33902	8476	2119
2504520	546672	125014	27545	6357	0
2546897	533959	122895	36021	14832	2119
2481212	567861	118657	27545	10594	0
2424002	506413	97469	23308	8476	4238
2568086	527602	105944	33902	8476	0
2404932	565742	129252	25427	8476	2119
2515114	550910	127133	42378	21189	2119
2587156	504294	114420	36021	16951	0
2650723	531840	105944	29664	14832	4238
2392219	521245	125014	31783	8476	0
2525709	521245	144084	46615	12713	2119
2614702	572098	141965	46615	12713	0
2381624	502175	114420	8476	4238	0
2502401	601763	129252	33902	12713	0
2631653	546672	116539	36021	14832	2119
2476974	485224	101706	21189	8476	2119
2470618	514889	127133	31783	4238	0
2623177	540315	125014	25427	12713	2119
2512995	548791	116539	29664	6357	0
2496044	627189	133490	40259	8476	0
2438834	561504	135609	36021	8476	0
2375268	586931	135609	16951	6357	0
2430359	635665	131371	38140	10594	2119
2436715	506413	135609	14832	6357	0
2565967	561504	110182	31783	6357	0
2674030	612357	129252	29664	12713	0
2512995	546672	120776	38140	16951	0
2432478	603882	135609	23308	2119	0
2542660	563623	118657	40259	10594	0
2303226	557266	125014	31783	12713	4238
2496044	544553	110182	31783	8476	2119
2529946	584812	139846	40259	10594	0
2515114	580574	127133	36021	14832	0
2629534	559385	105944	27545	10594	0
2508757	542434	118657	25427	10594	2119
2493925	544553	103825	14832	8476	0
2519352	555147	133490	50853	10594	0
2534184	606001	146203	38140	12713	0
2466380	595406	118657	38140	12713	6357
2407051	563623	129252	29664	12713	2119
2587156	550910	144084	29664	12713	0
2398576	489462	127133	31783	14832	0
2417646	550910	131371	31783	8476	0
2269324	533959	129252	23308	2119	2119
2460023	563623	105944	25427	4238	2119
2479093	582693	127133	36021	12713	2119
2496044	569980	127133	29664	6357	0
2627415	569980	131371	40259	12713	0
2387981	561504	114420	21189	14832	2119
2392219	610238	141965	23308	6357	0
2286275	555147	91112	25427	6357	2119
2440953	550910	125014	42378	8476	0
2411289	563623	116539	29664	4238	0
2347722	510651	93231	21189	6357	0
2500282	601763	137727	27545	6357	0
2424002	491581	95350	23308	8476	0
2392219	553028	133490	27545	10594	0
2366792	529721	137727	27545	4238	2119
2396457	582693	139846	21189	8476	2119
2301107	565742	144084	27545	8476	0
2464261	542434	108063	19070	6357	0
2379506	567861	112301	21189	2119	0
2479093	631427	129252	36021	14832	2119
2358317	553028	125014	23308	14832	2119
2402813	553028	99588	21189	4238	0
2407051	495819	148322	23308	4238	0
2343485	536077	120776	33902	10594	0
2415527	519126	139846	29664	10594	0
2470618	625070	129252	38140	8476	0
2390100	538196	120776	31783	6357	0
2318058	603882	118657	23308	6357	0
2326534	561504	108063	19070	4238	0
2347722	591168	110182	27545	8476	0
2381624	572098	135609	36021	6357	0
2449429	506413	116539	27545	10594	2119
2474855	533959	108063	16951	6357	0
2404932	572098	137727	16951	4238	0
2381624	569980	116539	40259	6357	0
2294750	567861	116539	19070	0	0
2318058	542434	114420	23308	8476	2119
2396457	493700	125014	31783	12713	0
2318058	584812	125014	25427	10594	0
2485450	510651	135609	27545	8476	0
2381624	553028	110182	23308	12713	2119
2303226	521245	125014	27545	10594	2119
2152785	533959	110182	21189	8476	0
2354079	531840	125014	25427	2119	0
2443072	563623	129252	33902	14832	0
2315939	529721	139846	31783	12713	0
2390100	538196	82636	14832	2119	0
2383743	567861	171630	33902	10594	0
2354079	517007	105944	23308	6357	2119
2489688	533959	108063	27545	8476	0
2260848	517007	116539	16951	4238	0
2443072	542434	116539	21189	16951	2119
2184568	536077	129252	12713	2119	0
2190925	502175	112301	27545	6357	0
2275680	504294	125014	29664	8476	0
2392219	542434	101706	10594	2119	0
2358317	561504	127133	33902	6357	0
2337128	565742	108063	27545	12713	2119
2279918	553028	133490	33902	4238	2119
2273561	500056	97469	19070	4238	0
2226946	504294	122895	21189	6357	0
2282037	485224	86874	31783	4238	0
2201519	555147	101706	16951	0	0
2335009	523364	116539	16951	8476	0
2258729	531840	86874	16951	10594	2119
2358317	546672	105944	21189	6357	0
2203638	449203	110182	25427	6357	0
2237540	487343	76280	19070	8476	0
2328652	559385	131371	19070	0	0
2318058	483105	88993	4238	0	0
2364673	523364	116539	25427	8476	0
2292631	544553	120776	21189	6357	0
2419764	525483	122895	19070	6357	0
2296869	622952	118657	10594	2119	0
2271443	603882	146203	19070	4238	0
2381624	536077	97469	12713	2119	0
2305345	533959	116539	27545	6357	0
2392219	533959	95350	19070	6357	0
2358317	644140	148322	25427	8476	0
2222708	491581	76280	19070	8476	0
2233303	500056	99588	25427	2119	0
2199401	508532	101706	21189	2119	0
2294750	548791	125014	33902	4238	0
2527827	542434	125014	33902	10594	0
2313820	508532	101706	19070	6357	0
2209995	538196	110182	23308	2119	0
2335009	495819	108063	29664	8476	0
2267205	555147	101706	10594	2119	0
2218471	606001	131371	12713	2119	0
2421883	525483	91112	8476	4238	0
2438834	512770	112301	14832	2119	0
2320177	491581	95350	29664	8476	2119
2284156	548791	125014	23308	6357	4238
2387981	514889	99588	16951	8476	2119
2347722	542434	112301	23308	8476	0
2195163	493700	99588	29664	14832	0
2351960	559385	110182	16951	0	0
2233303	461916	88993	16951	10594	0
2286275	544553	110182	27545	4238	0
2273561	531840	95350	10594	2119	0
2186687	529721	108063	19070	6357	2119
2099813	461916	84755	2119	0	0
2330771	557266	112301	19070	8476	0
2292631	506413	137727	36021	4238	0
2313820	544553	110182	21189	4238	0
2282037	472511	103825	14832	8476	4238
2273561	531840	110182	16951	4238	0
2229065	542434	76280	12713	6357	0
2218471	572098	141965	27545	6357	2119
2387981	497938	139846	29664	12713	0
2127359	483105	88993	21189	10594	0
2324415	517007	74161	12713	2119	0
2432478	574217	129252	31783	6357	0
2426121	582693	118657	12713	6357	0
2267205	540315	122895	21189	6357	0
2220589	497938	82636	10594	4238	0
2262967	540315	120776	19070	2119	0
2387981	538196	101706	21189	8476	2119
2214233	514889	131371	14832	4238	0
2347722	521245	108063	12713	4238	0
2239659	510651	116539	21189	2119	0
2309582	517007	103825	12713	0	0
2250254	504294	108063	25427	10594	2119
2445191	500056	110182	21189	12713	0
2303226	578455	114420	14832	4238	0
2271443	519126	99588	19070	4238	0
2332890	540315	97469	16951	2119	0
2307464	606001	125014	19070	2119	0
2135834	574217	125014	16951	4238	0
2379506	487343	105944	14832	4238	0
2040484	500056	91112	14832	10594	2119
2091338	470392	108063	10594	2119	0
2182449	497938	91112	19070	4238	0
2133715	523364	101706	19070	4238	0
2188806	572098	112301	12713	2119	0
2190925	553028	108063	8476	4238	0
2248135	453441	97469	31783	10594	0
2328652	523364	122895	16951	2119	0
2262967	517007	103825	16951	0	0
2231184	548791	88993	19070	4238	0
2163380	461916	80518	6357	4238	4238
2284156	563623	125014	21189	2119	0
2169736	500056	97469	19070	4238	0
2354079	485224	116539	8476	4238	0
2383743	555147	97469	10594	4238	0
2254492	508532	99588	12713	4238	0
2282037	483105	108063	19070	4238	0
2241778	508532	110182	21189	8476	0
2275680	578455	105944	12713	0	0
2129477	432252	88993	21189	0	0
2356198	533959	86874	23308	6357	0
2407051	510651	84755	16951	2119	0
2282037	536077	91112	23308	6357	0
2326534	497938	112301	21189	10594	0
2254492	519126	82636	14832	4238	0
2171855	508532	91112	14832	6357	2119
2193044	510651	82636	21189	8476	0
2154904	493700	86874	14832	6357	0
2152785	478868	72042	12713	2119	2119
2307464	472511	95350	14832	4238	0
2235422	472511	88993	19070	2119	0
2284156	536077	105944	19070	10594	2119
2216352	500056	82636	19070	0	0
2337128	553028	120776	25427	4238	2119
2207876	497938	97469	14832	4238	0
2205757	500056	57210	8476	6357	0
2284156	553028	86874	12713	6357	2119
2188806	487343	95350	14832	2119	0
2273561	434371	82636	12713	4238	2119
2320177	487343	97469	14832	10594	2119
2229065	438609	76280	6357	0	0
2273561	508532	91112	10594	0	0
2165498	474630	91112	14832	2119	0
2241778	438609	69923	10594	8476	0
2265086	474630	67804	12713	2119	0
2252373	489462	112301	12713	4238	0
2375268	493700	99588	10594	2119	0
2271443	470392	69923	12713	6357	0
2315939	497938	84755	21189	8476	0
2358317	523364	108063	23308	10594	0
2220589	591168	82636	14832	2119	0
2186687	495819	84755	8476	2119	0
2447310	540315	99588	14832	0	0
2260848	468273	72042	8476	2119	0
2176093	474630	78399	8476	0	0
2248135	472511	84755	10594	2119	0
2298988	459798	69923	12713	0	0
2254492	489462	86874	10594	4238	0
2318058	542434	95350	14832	4238	0
2201519	540315	91112	10594	0	0
2116764	514889	95350	10594	2119	0
2127359	444965	74161	4238	2119	0
2097694	468273	82636	14832	0	0
2176093	536077	82636	12713	4238	0
2296869	510651	108063	19070	4238	0
2231184	449203	91112	19070	2119	0
2277799	495819	88993	19070	0	0
2430359	536077	84755	16951	6357	0
2279918	487343	84755	6357	2119	0
2237540	529721	95350	27545	2119	0
2144310	425895	80518	4238	4238	0
2326534	497938	74161	6357	2119	0
2339247	506413	82636	6357	0	0
2123121	468273	67804	6357	0	0
2224827	497938	91112	16951	6357	0
2197282	487343	84755	12713	4238	0
2214233	523364	74161	8476	2119	0
2101932	453441	61448	8476	2119	0
2298988	461916	78399	14832	6357	0
2311701	464035	59329	14832	4238	0
2218471	491581	76280	21189	6357	2119
2154904	468273	46615	2119	0	0
2190925	493700	86874	12713	6357	4238
2097694	495819	84755	8476	0	0
2241778	453441	78399	6357	0	0
2239659	493700	72042	10594	6357	0
2154904	455560	61448	10594	0	0
2241778	514889	65685	12713	4238	0
2123121	487343	91112	4238	2119	0
2142191	461916	69923	8476	4238	0
2212114	389874	69923	8476	0	0
2190925	489462	78399	10594	2119	0
2165498	502175	63566	8476	0	0
2318058	510651	74161	10594	4238	0
2123121	444965	78399	25427	2119	0
2383743	523364	78399	19070	0	0
2231184	419539	72042	8476	2119	0
2140072	440728	67804	6357	0	0
2125240	461916	57210	4238	0	0
2146428	502175	65685	8476	6357	0
2133715	451322	82636	8476	2119	0
2214233	521245	78399	6357	0	0
2214233	442847	78399	14832	2119	0
2207876	506413	80518	8476	2119	0
2108289	396231	46615	6357	2119	0
2226946	474630	76280	10594	4238	0
2084981	447084	57210	2119	0	0
2220589	411063	63566	8476	0	0
2216352	523364	63566	6357	2119	0
2252373	478868	72042	8476	0	0
2258729	447084	55091	8476	2119	0
2224827	487343	72042	12713	6357	2119
2301107	491581	76280	4238	0	0
2294750	459798	72042	8476	4238	0
2248135	495819	65685	4238	2119	0
2294750	470392	48734	8476	2119	0
2152785	423777	72042	8476	0	0
2237540	466154	63566	14832	6357	0
2207876	449203	67804	6357	0	0
2277799	415301	82636	4238	0	0
2065911	413182	55091	2119	0	0
2224827	464035	63566	0	0	0
2279918	497938	82636	10594	2119	0
2216352	586931	80518	14832	2119	0
2680387	652616	186462	50853	21189	8476
2938891	786106	266979	95350	46615	16951
2729121	637784	192818	63566	31783	14832
2532065	654735	209769	61448	29664	12713
2733359	629308	211888	72042	42378	27545
2549016	618714	184343	63566	36021	19070
2604107	572098	137727	50853	27545	8476
2561730	533959	197056	63566	29664	14832
2608345	584812	112301	33902	23308	8476
2385862	616595	163154	42378	21189	10594
2419764	614476	177986	57210	31783	10594
2534184	603882	144084	40259	27545	6357
2491806	631427	169511	42378	31783	16951
2544778	578455	158916	38140	21189	10594
2512995	642022	165273	42378	25427	4238
2432478	618714	146203	40259	16951	6357
2561730	572098	141965	50853	25427	10594
2341366	555147	120776	29664	14832	8476
2476974	576336	141965	27545	10594	0
2544778	593287	165273	52972	29664	14832
2318058	529721	120776	38140	19070	10594
2483331	578455	133490	42378	14832	4238
2413408	601763	131371	40259	21189	12713
2455785	525483	141965	55091	23308	12713
2462142	519126	114420	21189	14832	6357
2246016	521245	118657	38140	14832	2119
2377387	586931	152560	31783	6357	0
2512995	595406	152560	33902	14832	4238
2502401	550910	154678	33902	21189	8476
2559611	637784	146203	33902	16951	4238
2633772	595406	161035	42378	16951	6357
2661317	644140	186462	61448	40259	12713
2549016	580574	110182	29664	10594	8476
2379506	599644	122895	33902	10594	4238
2623177	627189	105944	21189	10594	4238
2722765	601763	133490	36021	19070	6357
2629534	574217	139846	52972	23308	12713
2646485	656854	120776	25427	12713	10594
2669793	627189	139846	29664	16951	6357
2754548	652616	129252	25427	14832	6357
2782093	665329	161035	46615	21189	4238
2710051	646259	131371	27545	16951	4238
2684625	701350	148322	21189	6357	2119
2771499	663210	150441	44497	14832	8476
2618939	625070	110182	23308	4238	2119
2892275	690756	154678	27545	10594	4238
2858373	616595	114420	25427	14832	0
3030003	620833	103825	36021	19070	6357
2966436	701350	152560	33902	10594	0
2924059	608119	101706	14832	4238	0
2818114	578455	97469	12713	8476	0
2928296	733134	150441	10594	4238	0
2915583	635665	131371	27545	10594	4238
2841422	601763	108063	16951	8476	2119
3017289	728896	141965	19070	4238	4238
3135947	750085	110182	10594	4238	2119
3318171	743728	129252	23308	12713	6357
3142303	667448	133490	21189	4238	0
3570318	682280	118657	31783	23308	12713
3167730	714064	122895	21189	6357	4238
3544891	769155	154678	40259	19070	8476
3087213	714064	122895	29664	8476	0
3214346	694994	127133	14832	4238	0
3227059	705588	125014	23308	12713	4238
3163492	741609	135609	16951	8476	4238
3477087	764917	146203	29664	10594	0
3352073	760679	129252	29664	8476	4238
3269436	688637	114420	21189	8476	2119
3032122	694994	108063	19070	8476	4238
3169849	692875	110182	29664	8476	4238
3282150	633546	141965	23308	6357	4238
3188919	648378	116539	19070	8476	2119
3271555	680161	99588	10594	6357	0
3477087	707707	131371	27545	14832	4238
3254604	692875	137727	19070	10594	4238
3193157	752203	161035	36021	6357	0
3227059	718301	118657	19070	12713	2119
3396569	739490	131371	23308	16951	6357
3116877	694994	122895	19070	8476	0
3352073	783987	110182	10594	6357	2119
3407164	756441	112301	25427	8476	0
3496157	781868	133490	31783	14832	6357
3583031	769155	161035	27545	8476	2119
3712283	834840	135609	19070	10594	4238
3532178	798819	141965	27545	10594	0
3496157	669567	110182	12713	4238	0
3491919	790343	114420	10594	2119	0
3343597	739490	137727	23308	10594	8476
3648717	792462	101706	21189	12713	6357
3434709	694994	97469	8476	2119	0
3407164	745847	95350	12713	8476	6357
3561842	779749	114420	21189	8476	0
3474968	750085	110182	14832	10594	0
3508870	813651	110182	23308	10594	2119
3574556	673805	97469	14832	4238	0
3362667	714064	80518	4238	2119	0
3661430	790343	97469	16951	6357	4238
3458017	786106	112301	12713	2119	2119
3551248	745847	110182	27545	10594	4238
3515227	741609	127133	19070	10594	2119
3977143	853910	99588	14832	4238	2119
3608458	845434	127133	10594	2119	2119
3644479	767036	101706	14832	8476	2119
3701689	845434	146203	16951	2119	0
3553367	694994	78399	0	0	0
3578793	800938	118657	14832	8476	0
3621171	694994	76280	12713	0	0
3578793	735252	95350	12713	6357	0
3718640	788224	122895	25427	8476	2119
3672024	781868	110182	19070	6357	0
3756780	800938	97469	16951	6357	0
3744066	792462	105944	16951	2119	0
3627528	767036	118657	16951	4238	0
3525821	724658	118657	12713	6357	2119
3540653	803057	118657	12713	6357	0
3449542	803057	112301	8476	2119	0
3712283	879336	144084	23308	4238	0
3623290	834840	137727	19070	10594	4238
3599982	714064	103825	12713	6357	0
3727115	781868	103825	12713	6357	4238
3739828	800938	91112	4238	0	0
3816108	788224	103825	25427	8476	2119
3748304	767036	120776	6357	2119	0
3655073	788224	110182	6357	4238	0
3566080	726777	82636	16951	4238	2119
3576675	694994	65685	12713	6357	0
3663549	752203	88993	14832	2119	2119
3650835	769155	116539	19070	2119	0
3839416	811532	116539	8476	0	0
3928409	815770	112301	16951	6357	0
3799157	828483	110182	14832	4238	2119
3714402	684399	93231	6357	2119	0
3820346	777630	105944	21189	6357	2119
3608458	779749	108063	19070	2119	0
3676262	803057	101706	10594	2119	0
3737710	822127	112301	14832	6357	4238
3691094	771273	131371	16951	2119	0
3710164	771273	116539	31783	10594	2119
3898745	817889	114420	14832	6357	2119
3805514	809413	88993	8476	2119	0
3856367	792462	74161	12713	2119	0
3847892	783987	116539	6357	0	0
3970787	906882	99588	4238	0	0
3850010	800938	99588	12713	2119	0
3816108	830602	141965	12713	4238	0
3915696	800938	93231	14832	4238	2119
3964430	815770	103825	12713	6357	0
4021640	872980	133490	14832	2119	0
3949598	856029	127133	10594	0	0
3947479	843315	93231	16951	6357	0
3951717	741609	125014	6357	0	0
3847892	728896	95350	4238	0	0
3958073	839078	103825	14832	6357	0
3850010	798819	69923	8476	0	0
3951717	803057	125014	14832	6357	2119
3989857	839078	93231	10594	2119	0
3788563	786106	93231	4238	0	0
3873318	790343	65685	10594	2119	0
3888150	720420	80518	14832	6357	2119
3837297	769155	91112	2119	0	0
4008927	824245	93231	12713	2119	0
3782206	847553	103825	6357	2119	0
3845773	862385	129252	16951	6357	2119
3902982	826364	101706	14832	0	0
3922052	822127	133490	16951	4238	0
3816108	722539	110182	10594	4238	2119
3854248	745847	86874	12713	4238	2119
3807633	794581	122895	10594	4238	0
3826703	805176	82636	8476	2119	0
3820346	788224	84755	6357	0	0
3879675	822127	95350	12713	2119	0
3807633	786106	105944	10594	4238	2119
4116990	839078	82636	4238	0	0
3748304	756441	101706	6357	2119	0
4142416	805176	110182	6357	4238	2119
4123346	853910	93231	10594	2119	0
4015283	839078	82636	12713	6357	0
4110633	858148	72042	2119	0	0
3788563	741609	76280	8476	2119	0
3907220	864504	103825	4238	2119	2119
3869080	767036	86874	4238	2119	0
3905101	775511	76280	8476	0	0
3881794	752203	55091	6357	2119	0
3951717	820008	97469	8476	2119	0
3924171	798819	99588	6357	0	0
3941122	826364	108063	2119	0	0
4165724	887812	82636	8476	2119	0
3966549	796700	74161	4238	0	0
3852129	864504	112301	6357	0	0
4205983	767036	74161	4238	0	0
3958073	815770	78399	8476	2119	0
3862724	743728	103825	12713	0	0
4006808	847553	110182	6357	0	0
4131822	798819	80518	4238	2119	0
4244123	845434	103825	6357	4238	0
4040710	758560	93231	2119	0	0
3966549	845434	95350	8476	4238	0
4017402	817889	125014	10594	2119	0
3881794	800938	80518	8476	2119	0
4112752	803057	88993	8476	6357	0
3900864	817889	84755	8476	4238	0
4038591	807294	88993	6357	2119	0
3890269	813651	99588	8476	0	0
3869080	707707	63566	2119	2119	0
3970787	832721	86874	12713	4238	2119
4021640	883574	122895	8476	0	0
3924171	722539	86874	2119	0	0
3919934	762798	84755	6357	0	0
4074612	824245	74161	8476	2119	2119
3955955	885693	88993	10594	0	0
4019521	752203	93231	6357	2119	0
3953836	731015	93231	12713	4238	0
3892388	777630	76280	6357	2119	0
3953836	860266	110182	8476	0	0
3964430	773392	78399	2119	0	0
3981381	747966	65685	6357	0	0
3987738	847553	78399	6357	2119	2119
3915696	794581	67804	4238	2119	0
3991976	794581	86874	6357	2119	0
4049185	834840	86874	10594	2119	0
4055542	847553	99588	4238	2119	0
4178437	877218	86874	2119	2119	0
3883913	811532	69923	2119	0	0
3966549	786106	88993	8476	2119	0
3928409	902644	101706	4238	0	0
3945360	826364	76280	4238	2119	0
3998332	853910	84755	8476	0	0
4104276	771273	80518	8476	6357	0
4199626	872980	80518	6357	0	0
4112752	807294	74161	6357	0	0
4193269	889931	82636	4238	0	0
4008927	764917	82636	6357	4238	2119
4119109	824245	80518	4238	2119	0
4242004	883574	72042	10594	2119	0
3926290	779749	65685	2119	0	0
4265311	868742	88993	10594	0	0
4023759	803057	76280	6357	0	0
4095801	805176	67804	0	0	0
3964430	803057	76280	6357	0	0
3945360	815770	69923	4238	0	0
4150892	788224	82636	4238	0	0
3898745	750085	86874	0	0	0
4036472	817889	93231	6357	0	0
4023759	834840	86874	4238	2119	0
4091563	783987	88993	6357	0	0
3998332	843315	93231	4238	2119	0
3955955	747966	78399	6357	0	0
4138178	856029	80518	2119	0	0
3913577	764917	52972	2119	0	0
4093682	803057	76280	4238	0	0
3977143	767036	78399	6357	0	0
4184794	828483	101706	8476	0	0
4032234	792462	65685	6357	0	0
4350067	771273	52972	4238	0	0
3983500	767036	82636	6357	2119	0
4178437	800938	78399	4238	2119	0
4155130	813651	48734	6357	0	0
4155130	794581	67804	4238	4238	0
4023759	826364	72042	6357	2119	0
4233528	883574	82636	2119	0	0
4205983	792462	78399	8476	0	0
4203864	847553	74161	6357	4238	0
4208102	817889	112301	4238	0	0
4076731	824245	74161	8476	2119	0
3869080	764917	72042	0	0	0
4252598	822127	80518	0	0	0
4129703	769155	59329	6357	4238	0
4153011	781868	59329	0	0	0
4030115	849672	82636	4238	2119	0
4074612	773392	69923	2119	0	0
4127584	805176	67804	8476	6357	2119
4066136	767036	74161	2119	0	0
4053423	877218	105944	10594	2119	0
4199626	841197	86874	4238	2119	0
4068255	800938	93231	0	0	0
4275906	769155	67804	2119	0	0
4237766	868742	63566	6357	2119	0
3943241	775511	59329	0	0	0
4059780	807294	84755	8476	4238	0
4102157	796700	57210	2119	0	0
4008927	781868	65685	4238	2119	0
4174200	845434	55091	2119	2119	0
4123346	820008	84755	6357	6357	0
3960192	809413	72042	8476	2119	0
4252598	858148	59329	2119	0	0
4008927	798819	57210	0	0	0
4091563	828483	59329	6357	0	0
4205983	917476	86874	2119	2119	0
4201745	839078	112301	4238	2119	0
4246242	883574	91112	8476	0	0
4360661	894169	76280	0	0	0
4250479	834840	88993	4238	2119	0
4034353	839078	76280	2119	0	0
4169962	817889	59329	2119	2119	0
4114871	839078	69923	6357	4238	0
4093682	767036	65685	2119	0	0
4030115	798819	72042	0	0	0
4030115	872980	86874	6357	0	0
4110633	832721	74161	4238	2119	0
4080969	796700	67804	6357	0	0
4159367	822127	65685	12713	4238	2119
3936885	752203	48734	0	0	0
4390326	843315	67804	2119	2119	0
4078850	862385	80518	0	0	0
4163605	879336	78399	4238	2119	0
4116990	841197	80518	0	0	0
4233528	849672	80518	0	0	0
4133941	822127	65685	6357	0	0
4008927	813651	65685	10594	0	0
4061899	832721	76280	8476	0	0
3939003	800938	65685	4238	0	0
4036472	815770	78399	0	0	0
4085206	839078	63566	0	0	0
3945360	718301	67804	2119	0	0
4044948	824245	78399	6357	2119	0
4144535	864504	72042	8476	2119	0
4172081	803057	84755	12713	2119	0
4278025	817889	57210	10594	0	0
4129703	866623	69923	4238	0	0
4061899	743728	67804	6357	2119	2119
4237766	815770	76280	2119	0	0
4025878	805176	72042	4238	0	0
4131822	909001	76280	0	0	0
4133941	836959	72042	2119	0	0
4362780	847553	76280	6357	2119	0
4205983	828483	86874	6357	0	0
4165724	769155	50853	2119	0	0
4047067	767036	72042	6357	0	0
4273787	803057	82636	0	0	0
4059780	794581	69923	4238	0	0
4318284	796700	67804	4238	0	0
4189032	745847	67804	4238	0	0
4165724	775511	67804	2119	0	0
4144535	817889	55091	2119	0	0
4195388	906882	95350	2119	0	0
4195388	830602	76280	4238	0	0
4129703	832721	88993	0	0	0
4068255	862385	67804	0	0	0
4167843	813651	65685	4238	0	0
4163605	847553	82636	6357	2119	0
4309808	836959	69923	2119	0	0
4051304	783987	52972	2119	0	0
4212339	773392	82636	2119	0	0
4195388	783987	63566	4238	4238	0
4464486	949260	80518	4238	0	0
4284381	820008	76280	4238	0	0
4169962	726777	55091	2119	0	0
4172081	911120	76280	8476	0	0
4212339	843315	84755	2119	0	0
4307689	836959	61448	2119	0	0
4383969	887812	57210	0	0	0
4377612	921714	46615	6357	0	0
4195388	900525	76280	2119	2119	0
4267430	792462	86874	6357	2119	0
4413633	805176	78399	2119	2119	0
4237766	798819	55091	6357	2119	0
4439060	885693	61448	2119	0	0
4341591	885693	65685	4238	0	0
4121227	817889	52972	2119	0	0
4320402	851791	69923	4238	0	0
4121227	836959	63566	4238	2119	0
4218696	809413	48734	0	0	0
4574668	856029	74161	0	0	0
4176318	892050	67804	2119	0	0
4377612	856029	72042	4238	0	0
4210221	898406	63566	2119	0	0
4131822	828483	50853	4238	0	0
4244123	875099	95350	2119	0	0
4239885	830602	84755	4238	0	0
4288619	794581	55091	0	0	0
4212339	798819	55091	0	0	0
4239885	824245	72042	2119	0	0
4330997	775511	59329	0	0	0
4256836	860266	61448	4238	0	0
4307689	839078	63566	0	0	0
4032234	775511	63566	6357	0	0
4165724	796700	50853	0	0	0
4265311	870861	88993	6357	0	0
4330997	875099	72042	2119	0	0
4163605	845434	72042	4238	0	0
4157248	826364	84755	0	0	0
4091563	839078	86874	0	0	0
4222934	728896	31783	2119	0	0
4407277	839078	67804	4238	2119	0
4165724	809413	63566	6357	2119	0
4316165	898406	82636	4238	0	0
4307689	847553	65685	8476	2119	0
4318284	875099	69923	6357	0	0
4301332	849672	67804	0	0	0
4216577	826364	57210	8476	2119	0
4208102	807294	52972	0	0	0
4169962	858148	84755	6357	4238	0
4398801	896288	80518	0	0	0
4540766	909001	108063	8476	4238	0
4411514	841197	63566	6357	2119	0
4369137	815770	67804	4238	2119	0
4341591	898406	78399	2119	2119	0
4112752	811532	72042	2119	0	0
4070374	898406	91112	6357	0	0
4197507	862385	65685	0	0	0
4248360	866623	80518	0	0	0
4150892	856029	78399	2119	0	0
4316165	932309	76280	0	0	0
4303451	836959	59329	4238	0	0
4383969	783987	95350	8476	2119	0
4631878	809413	59329	0	0	0
4189032	900525	105944	6357	2119	0
4205983	847553	57210	2119	0	0
4169962	786106	61448	2119	0	0
4434822	866623	82636	10594	2119	0
4417871	909001	82636	2119	2119	0
4350067	845434	74161	2119	0	0
4316165	881455	65685	2119	0	0
4218696	769155	61448	4238	0	0
4121227	834840	57210	0	0	0
4237766	898406	86874	2119	0	0
4451773	896288	86874	10594	8476	0
4116990	805176	78399	4238	4238	0
4227172	820008	40259	0	0	0
4430584	843315	59329	2119	0	0
4078850	832721	65685	8476	0	0
3972906	779749	69923	4238	4238	0
4121227	807294	80518	4238	0	0
4258955	877218	59329	4238	4238	2119
4436941	820008	82636	4238	0	0
4525934	794581	57210	4238	4238	2119
4102157	872980	50853	2119	0	0
4333116	883574	69923	2119	0	0
4314046	805176	78399	4238	0	0
4464486	851791	74161	0	0	0
4326759	824245	48734	2119	0	0
4559836	919595	84755	0	0	0
4439060	858148	65685	0	0	0
4407277	879336	86874	0	0	0
4208102	731015	74161	2119	0	0
4439060	796700	69923	2119	0	0
4443298	870861	74161	2119	0	0
4496270	940784	101706	8476	4238	2119
4307689	843315	103825	6357	0	0
4201745	858148	63566	2119	0	0
4231409	822127	63566	2119	0	0
4330997	945022	63566	2119	0	0
4284381	771273	63566	0	0	0
4307689	841197	97469	4238	0	0
4413633	925952	65685	2119	0	0
4356423	862385	48734	2119	0	0
4367018	813651	57210	0	0	0
4174200	879336	86874	8476	2119	2119
4383969	836959	78399	4238	0	0
4472962	913239	80518	2119	0	0
4290738	822127	72042	6357	0	0
4394563	786106	42378	0	0	0
4242004	815770	57210	0	0	0
4153011	830602	40259	0	0	0
4263193	942903	61448	6357	2119	2119
4352186	798819	69923	0	0	0
4239885	817889	82636	2119	0	0
4301332	824245	65685	4238	4238	0
4314046	917476	72042	2119	0	0
4492032	934427	74161	2119	0	0
4343710	894169	48734	2119	0	0
4097920	758560	55091	2119	0	0
4100039	752203	52972	0	0	0
4072493	779749	36021	2119	0	0
4540766	860266	55091	4238	0	0
4328878	851791	63566	4238	0	0
4326759	813651	63566	2119	0	0
4280144	796700	61448	0	0	0
4231409	792462	67804	0	0	0
4396682	856029	57210	4238	2119	0
4280144	760679	65685	2119	0	0
4180556	872980	61448	2119	0	0
4305570	805176	57210	4238	2119	2119
4169962	841197	76280	6357	2119	0
4199626	745847	74161	2119	2119	0
4309808	815770	42378	2119	0	0
4409396	892050	50853	0	0	0
4409396	887812	48734	4238	2119	0
4269549	864504	44497	2119	2119	0
4333116	875099	78399	0	0	0
4403039	832721	59329	2119	2119	0
4356423	790343	63566	0	0	0
4449654	779749	50853	2119	2119	2119
4265311	849672	57210	8476	2119	2119
4360661	856029	61448	8476	2119	0
4301332	879336	63566	0	0	0
4278025	887812	74161	2119	0	0
4462368	858148	61448	0	0	0
4275906	792462	59329	2119	0	0
4299214	760679	44497	2119	0	0
4362780	898406	110182	6357	0	0
4462368	841197	69923	6357	2119	0
4390326	769155	63566	0	0	0
4220815	779749	63566	8476	4238	0
4212339	813651	48734	0	0	0
4305570	830602	46615	0	0	0
4496270	824245	50853	0	0	0
4269549	771273	25427	0	0	0
4263193	794581	61448	6357	2119	0
4335235	904763	74161	4238	0	0
4227172	845434	76280	0	0	0
4210221	815770	46615	6357	2119	0
4311927	877218	67804	2119	2119	0
4392444	824245	69923	2119	0	0
4670018	866623	63566	0	0	0
4108514	767036	42378	0	0	0
4218696	826364	65685	6357	0	0
4265311	885693	40259	0	0	0
4210221	904763	63566	0	0	0
4220815	822127	91112	4238	0	0
4176318	747966	50853	4238	0	0
4383969	828483	82636	6357	2119	0
4356423	849672	69923	4238	0	0
4155130	841197	78399	2119	2119	0
4292857	788224	65685	0	0	0
4398801	762798	50853	4238	0	0
4316165	955616	61448	0	0	0
4587382	904763	69923	2119	0	0
4229290	824245	36021	6357	2119	0
4343710	828483	33902	0	0	0
4504745	885693	65685	2119	0	0
4405158	836959	52972	0	0	0
4504745	858148	52972	0	0	0
4392444	892050	74161	0	0	0