0.3um/m3	0.5um/m3	1.0um/m3	3.0um/m3	5.0um/m3	10.0um/m3
2254492	519126	82636	14832	4238	0
2171855	508532	91112	14832	6357	2119
2193044	510651	82636	21189	8476	0
2154904	493700	86874	14832	6357	0
2152785	478868	72042	12713	2119	2119
2307464	472511	95350	14832	4238	0
2235422	472511	88993	19070	2119	0
2284156	536077	105944	19070	10594	2119
2216352	500056	82636	19070	0	0
2337128	553028	120776	25427	4238	2119
2207876	497938	97469	14832	4238	0
2205757	500056	57210	8476	6357	0
2284156	553028	86874	12713	6357	2119
2188806	487343	95350	14832	2119	0
2273561	434371	82636	12713	4238	2119
2320177	487343	97469	14832	10594	2119
2229065	438609	76280	6357	0	0
2273561	508532	91112	10594	0	0
2165498	474630	91112	14832	2119	0
2241778	438609	69923	10594	8476	0
2265086	474630	67804	12713	2119	0
2252373	489462	112301	12713	4238	0
2375268	493700	99588	10594	2119	0
2271443	470392	69923	12713	6357	0
2315939	497938	84755	21189	8476	0
2358317	523364	108063	23308	10594	0
2220589	591168	82636	14832	2119	0
2186687	495819	84755	8476	2119	0
2447310	540315	99588	14832	0	0
2260848	468273	72042	8476	2119	0
2176093	474630	78399	8476	0	0
2248135	472511	84755	10594	2119	0
2298988	459798	69923	12713	0	0
2254492	489462	86874	10594	4238	0
2318058	542434	95350	14832	4238	0
2201519	540315	91112	10594	0	0
2116764	514889	95350	10594	2119	0
2127359	444965	74161	4238	2119	0
2097694	468273	82636	14832	0	0
2176093	536077	82636	12713	4238	0
2296869	510651	108063	19070	4238	0
2231184	449203	91112	19070	2119	0
2277799	495819	88993	19070	0	0
2430359	536077	84755	16951	6357	0
2279918	487343	84755	6357	2119	0
2237540	529721	95350	27545	2119	0
2144310	425895	80518	4238	4238	0
2326534	497938	74161	6357	2119	0
2339247	506413	82636	6357	0	0
2123121	468273	67804	6357	0	0
2224827	497938	91112	16951	6357	0
2197282	487343	84755	12713	4238	0
2214233	523364	74161	8476	2119	0
2101932	453441	61448	8476	2119	0
2298988	461916	78399	14832	6357	0
2311701	464035	59329	14832	4238	0
2218471	491581	76280	21189	6357	2119
2154904	468273	46615	2119	0	0
2190925	493700	86874	12713	6357	4238
2097694	495819	84755	8476	0	0
2241778	453441	78399	6357	0	0
2239659	493700	72042	10594	6357	0
2154904	455560	61448	10594	0	0
2241778	514889	65685	12713	4238	0
2123121	487343	91112	4238	2119	0
2142191	461916	69923	8476	4238	0
2212114	389874	69923	8476	0	0
2190925	489462	78399	10594	2119	0
2165498	502175	63566	8476	0	0
2318058	510651	74161	10594	4238	0
2123121	444965	78399	25427	2119	0
2383743	523364	78399	19070	0	0
2231184	419539	72042	8476	2119	0
2140072	440728	67804	6357	0	0
2125240	461916	57210	4238	0	0
2146428	502175	65685	8476	6357	0
2133715	451322	82636	8476	2119	0
2214233	521245	78399	6357	0	0
2214233	442847	78399	14832	2119	0
2207876	506413	80518	8476	2119	0
2108289	396231	46615	6357	2119	0
2226946	474630	76280	10594	4238	0
2084981	447084	57210	2119	0	0
2220589	411063	63566	8476	0	0
2216352	523364	63566	6357	2119	0
2252373	478868	72042	8476	0	0
2258729	447084	55091	8476	2119	0
2224827	487343	72042	12713	6357	2119
2301107	491581	76280	4238	0	0
2294750	459798	72042	8476	4238	0
2248135	495819	65685	4238	2119	0
2294750	470392	48734	8476	2119	0
2152785	423777	72042	8476	0	0
2237540	466154	63566	14832	6357	0
2207876	449203	67804	6357	0	0
2277799	415301	82636	4238	0	0
2065911	413182	55091	2119	0	0
2224827	464035	63566	0	0	0
2279918	497938	82636	10594	2119	0
2216352	586931	80518	14832	2119	0
2680387	652616	186462	50853	21189	8476
2938891	786106	266979	95350	46615	16951
2729121	637784	192818	63566	31783	14832
2532065	654735	209769	61448	29664	12713
2733359	629308	211888	72042	42378	27545
2549016	618714	184343	63566	36021	19070
2604107	572098	137727	50853	27545	8476
2561730	533959	197056	63566	29664	14832
2608345	584812	112301	33902	23308	8476
2385862	616595	163154	42378	21189	10594
2419764	614476	177986	57210	31783	10594
2534184	603882	144084	40259	27545	6357
2491806	631427	169511	42378	31783	16951
2544778	578455	158916	38140	21189	10594
2512995	642022	165273	42378	25427	4238
2432478	618714	146203	40259	16951	6357
2561730	572098	141965	50853	25427	10594
2341366	555147	120776	29664	14832	8476
2476974	576336	141965	27545	10594	0
2544778	593287	165273	52972	29664	14832
2318058	529721	120776	38140	19070	10594
2483331	578455	133490	42378	14832	4238
2413408	601763	131371	40259	21189	12713
2455785	525483	141965	55091	23308	12713
2462142	519126	114420	21189	14832	6357
2246016	521245	118657	38140	14832	2119
2377387	586931	152560	31783	6357	0
2512995	595406	152560	33902	14832	4238
2502401	550910	154678	33902	21189	8476
2559611	637784	146203	33902	16951	4238
2633772	595406	161035	42378	16951	6357
2661317	644140	186462	61448	40259	12713
2549016	580574	110182	29664	10594	8476
2379506	599644	122895	33902	10594	4238
2623177	627189	105944	21189	10594	4238
2722765	601763	133490	36021	19070	6357
2629534	574217	139846	52972	23308	12713
2646485	656854	120776	25427	12713	10594
2669793	627189	139846	29664	16951	6357
2754548	652616	129252	25427	14832	6357
2782093	665329	161035	46615	21189	4238
2710051	646259	131371	27545	16951	4238
2684625	701350	148322	21189	6357	2119
2771499	663210	150441	44497	14832	8476
2618939	625070	110182	23308	4238	2119
2892275	690756	154678	27545	10594	4238
2858373	616595	114420	25427	14832	0
3030003	620833	103825	36021	19070	6357
2966436	701350	152560	33902	10594	0
2924059	608119	101706	14832	4238	0
2818114	578455	97469	12713	8476	0
2928296	733134	150441	10594	4238	0
2915583	635665	131371	27545	10594	4238
2841422	601763	108063	16951	8476	2119
3017289	728896	141965	19070	4238	4238
3135947	750085	110182	10594	4238	2119
3318171	743728	129252	23308	12713	6357
3142303	667448	133490	21189	4238	0
3570318	682280	118657	31783	23308	12713
3167730	714064	122895	21189	6357	4238
3544891	769155	154678	40259	19070	8476
3087213	714064	122895	29664	8476	0
3214346	694994	127133	14832	4238	0
3227059	705588	125014	23308	12713	4238
3163492	741609	135609	16951	8476	4238
3477087	764917	146203	29664	10594	0
3352073	760679	129252	29664	8476	4238
3269436	688637	114420	21189	8476	2119
3032122	694994	108063	19070	8476	4238
3169849	692875	110182	29664	8476	4238
3282150	633546	141965	23308	6357	4238
3188919	648378	116539	19070	8476	2119
3271555	680161	99588	10594	6357	0
3477087	707707	131371	27545	14832	4238
3254604	692875	137727	19070	10594	4238
3193157	752203	161035	36021	6357	0
3227059	718301	118657	19070	12713	2119
3396569	739490	131371	23308	16951	6357
3116877	694994	122895	19070	8476	0
3352073	783987	110182	10594	6357	2119
3407164	756441	112301	25427	8476	0
3496157	781868	133490	31783	14832	6357
3583031	769155	161035	27545	8476	2119
3712283	834840	135609	19070	10594	4238
3532178	798819	141965	27545	10594	0
3496157	669567	110182	12713	4238	0
3491919	790343	114420	10594	2119	0
3343597	739490	137727	23308	10594	8476
3648717	792462	101706	21189	12713	6357
3434709	694994	97469	8476	2119	0
3407164	745847	95350	12713	8476	6357
3561842	779749	114420	21189	8476	0
3474968	750085	110182	14832	10594	0
3508870	813651	110182	23308	10594	2119
3574556	673805	97469	14832	4238	0
3362667	714064	80518	4238	2119	0
3661430	790343	97469	16951	6357	4238
3458017	786106	112301	12713	2119	2119
3551248	745847	110182	27545	10594	4238
3515227	741609	127133	19070	10594	2119
3977143	853910	99588	14832	4238	2119
3608458	845434	127133	10594	2119	2119
3644479	767036	101706	14832	8476	2119
3701689	845434	146203	16951	2119	0
3553367	694994	78399	0	0	0
3578793	800938	118657	14832	8476	0
3621171	694994	76280	12713	0	0
3578793	735252	95350	12713	6357	0
3718640	788224	122895	25427	8476	2119
3672024	781868	110182	19070	6357	0
3756780	800938	97469	16951	6357	0
3744066	792462	105944	16951	2119	0
3627528	767036	118657	16951	4238	0
3525821	724658	118657	12713	6357	2119
3540653	803057	118657	12713	6357	0
3449542	803057	112301	8476	2119	0
3712283	879336	144084	23308	4238	0
3623290	834840	137727	19070	10594	4238
3599982	714064	103825	12713	6357	0
3727115	781868	103825	12713	6357	4238
3739828	800938	91112	4238	0	0
3816108	788224	103825	25427	8476	2119
3748304	767036	120776	6357	2119	0
3655073	788224	110182	6357	4238	0
3566080	726777	82636	16951	4238	2119
3576675	694994	65685	12713	6357	0
3663549	752203	88993	14832	2119	2119
3650835	769155	116539	19070	2119	0
3839416	811532	116539	8476	0	0
3928409	815770	112301	16951	6357	0
3799157	828483	110182	14832	4238	2119
3714402	684399	93231	6357	2119	0
3820346	777630	105944	21189	6357	2119
3608458	779749	108063	19070	2119	0
3676262	803057	101706	10594	2119	0
3737710	822127	112301	14832	6357	4238
3691094	771273	131371	16951	2119	0
3710164	771273	116539	31783	10594	2119
3898745	817889	114420	14832	6357	2119
3805514	809413	88993	8476	2119	0
3856367	792462	74161	12713	2119	0
3847892	783987	116539	6357	0	0
3970787	906882	99588	4238	0	0
3850010	800938	99588	12713	2119	0
3816108	830602	141965	12713	4238	0
3915696	800938	93231	14832	4238	2119
3964430	815770	103825	12713	6357	0
4021640	872980	133490	14832	2119	0
3949598	856029	127133	10594	0	0
3947479	843315	93231	16951	6357	0
3951717	741609	125014	6357	0	0
3847892	728896	95350	4238	0	0
3958073	839078	103825	14832	6357	0
3850010	798819	69923	8476	0	0
3951717	803057	125014	14832	6357	2119
3989857	839078	93231	10594	2119	0
3788563	786106	93231	4238	0	0
3873318	790343	65685	10594	2119	0
3888150	720420	80518	14832	6357	2119
3837297	769155	91112	2119	0	0
4008927	824245	93231	12713	2119	0
3782206	847553	103825	6357	2119	0
3845773	862385	129252	16951	6357	2119
3902982	826364	101706	14832	0	0
3922052	822127	133490	16951	4238	0
3816108	722539	110182	10594	4238	2119
3854248	745847	86874	12713	4238	2119
3807633	794581	122895	10594	4238	0
3826703	805176	82636	8476	2119	0
3820346	788224	84755	6357	0	0
3879675	822127	95350	12713	2119	0
3807633	786106	105944	10594	4238	2119
4116990	839078	82636	4238	0	0
3748304	756441	101706	6357	2119	0
4142416	805176	110182	6357	4238	2119
4123346	853910	93231	10594	2119	0
4015283	839078	82636	12713	6357	0
4110633	858148	72042	2119	0	0
3788563	741609	76280	8476	2119	0
3907220	864504	103825	4238	2119	2119
3869080	767036	86874	4238	2119	0
3905101	775511	76280	8476	0	0
3881794	752203	55091	6357	2119	0
3951717	820008	97469	8476	2119	0
3924171	798819	99588	6357	0	0
3941122	826364	108063	2119	0	0
4165724	887812	82636	8476	2119	0
3966549	796700	74161	4238	0	0
3852129	864504	112301	6357	0	0
4205983	767036	74161	4238	0	0
3958073	815770	78399	8476	2119	0
3862724	743728	103825	12713	0	0
4006808	847553	110182	6357	0	0
4131822	798819	80518	4238	2119	0
4244123	845434	103825	6357	4238	0
4040710	758560	93231	2119	0	0
3966549	845434	95350	8476	4238	0
4017402	817889	125014	10594	2119	0
3881794	800938	80518	8476	2119	0
4112752	803057	88993	8476	6357	0
3900864	817889	84755	8476	4238	0
4038591	807294	88993	6357	2119	0
3890269	813651	99588	8476	0	0
3869080	707707	63566	2119	2119	0
3970787	832721	86874	12713	4238	2119
4021640	883574	122895	8476	0	0
3924171	722539	86874	2119	0	0
3919934	762798	84755	6357	0	0
4074612	824245	74161	8476	2119	2119
3955955	885693	88993	10594	0	0
4019521	752203	93231	6357	2119	0
3953836	731015	93231	12713	4238	0
3892388	777630	76280	6357	2119	0
3953836	860266	110182	8476	0	0
3964430	773392	78399	2119	0	0
3981381	747966	65685	6357	0	0
3987738	847553	78399	6357	2119	2119
3915696	794581	67804	4238	2119	0
3991976	794581	86874	6357	2119	0
4049185	834840	86874	10594	2119	0
4055542	847553	99588	4238	2119	0
4178437	877218	86874	2119	2119	0
3883913	811532	69923	2119	0	0
3966549	786106	88993	8476	2119	0
3928409	902644	101706	4238	0	0
3945360	826364	76280	4238	2119	0
3998332	853910	84755	8476	0	0
4104276	771273	80518	8476	6357	0
4199626	872980	80518	6357	0	0
4112752	807294	74161	6357	0	0
4193269	889931	82636	4238	0	0
4008927	764917	82636	6357	4238	2119
4119109	824245	80518	4238	2119	0
4242004	883574	72042	10594	2119	0
3926290	779749	65685	2119	0	0
4265311	868742	88993	10594	0	0
4023759	803057	76280	6357	0	0
4095801	805176	67804	0	0	0
3964430	803057	76280	6357	0	0
3945360	815770	69923	4238	0	0
4150892	788224	82636	4238	0	0
3898745	750085	86874	0	0	0
4036472	817889	93231	6357	0	0
4023759	834840	86874	4238	2119	0
4091563	783987	88993	6357	0	0
3998332	843315	93231	4238	2119	0
3955955	747966	78399	6357	0	0
4138178	856029	80518	2119	0	0
3913577	764917	52972	2119	0	0
4093682	803057	76280	4238	0	0
3977143	767036	78399	6357	0	0
4184794	828483	101706	8476	0	0
4032234	792462	65685	6357	0	0
4350067	771273	52972	4238	0	0
3983500	767036	82636	6357	2119	0
4178437	800938	78399	4238	2119	0
4155130	813651	48734	6357	0	0
4155130	794581	67804	4238	4238	0
4023759	826364	72042	6357	2119	0
4233528	883574	82636	2119	0	0
4205983	792462	78399	8476	0	0
4203864	847553	74161	6357	4238	0
4208102	817889	112301	4238	0	0
4076731	824245	74161	8476	2119	0
3869080	764917	72042	0	0	0
4252598	822127	80518	0	0	0
4129703	769155	59329	6357	4238	0
4153011	781868	59329	0	0	0
4030115	849672	82636	4238	2119	0
4074612	773392	69923	2119	0	0
4127584	805176	67804	8476	6357	2119
4066136	767036	74161	2119	0	0
4053423	877218	105944	10594	2119	0
4199626	841197	86874	4238	2119	0
4068255	800938	93231	0	0	0
4275906	769155	67804	2119	0	0
4237766	868742	63566	6357	2119	0
3943241	775511	59329	0	0	0
4059780	807294	84755	8476	4238	0
4102157	796700	57210	2119	0	0
4008927	781868	65685	4238	2119	0
4174200	845434	55091	2119	2119	0
4123346	820008	84755	6357	6357	0
3960192	809413	72042	8476	2119	0
4252598	858148	59329	2119	0	0
4008927	798819	57210	0	0	0
4091563	828483	59329	6357	0	0
4205983	917476	86874	2119	2119	0
4201745	839078	112301	4238	2119	0
4246242	883574	91112	8476	0	0
4360661	894169	76280	0	0	0
4250479	834840	88993	4238	2119	0
4034353	839078	76280	2119	0	0
4169962	817889	59329	2119	2119	0
4114871	839078	69923	6357	4238	0
4093682	767036	65685	2119	0	0
4030115	798819	72042	0	0	0
4030115	872980	86874	6357	0	0
4110633	832721	74161	4238	2119	0
4080969	796700	67804	6357	0	0
4159367	822127	65685	12713	4238	2119
3936885	752203	48734	0	0	0
4390326	843315	67804	2119	2119	0
4078850	862385	80518	0	0	0
4163605	879336	78399	4238	2119	0
4116990	841197	80518	0	0	0
4233528	849672	80518	0	0	0
4133941	822127	65685	6357	0	0
4008927	813651	65685	10594	0	0
4061899	832721	76280	8476	0	0
3939003	800938	65685	4238	0	0
4036472	815770	78399	0	0	0
4085206	839078	63566	0	0	0
3945360	718301	67804	2119	0	0
4044948	824245	78399	6357	2119	0
4144535	864504	72042	8476	2119	0
4172081	803057	84755	12713	2119	0
4278025	817889	57210	10594	0	0
4129703	866623	69923	4238	0	0
4061899	743728	67804	6357	2119	2119
4237766	815770	76280	2119	0	0
4025878	805176	72042	4238	0	0
4131822	909001	76280	0	0	0
4133941	836959	72042	2119	0	0
4362780	847553	76280	6357	2119	0
4205983	828483	86874	6357	0	0
4165724	769155	50853	2119	0	0
4047067	767036	72042	6357	0	0
4273787	803057	82636	0	0	0
4059780	794581	69923	4238	0	0
4318284	796700	67804	4238	0	0
4189032	745847	67804	4238	0	0
4165724	775511	67804	2119	0	0
4144535	817889	55091	2119	0	0
4195388	906882	95350	2119	0	0
4195388	830602	76280	4238	0	0
4129703	832721	88993	0	0	0
4068255	862385	67804	0	0	0
4167843	813651	65685	4238	0	0
4163605	847553	82636	6357	2119	0
4309808	836959	69923	2119	0	0
4051304	783987	52972	2119	0	0
4212339	773392	82636	2119	0	0
4195388	783987	63566	4238	4238	0
4464486	949260	80518	4238	0	0
4284381	820008	76280	4238	0	0
4169962	726777	55091	2119	0	0
4172081	911120	76280	8476	0	0
4212339	843315	84755	2119	0	0
4307689	836959	61448	2119	0	0
4383969	887812	57210	0	0	0
4377612	921714	46615	6357	0	0
4195388	900525	76280	2119	2119	0
4267430	792462	86874	6357	2119	0
4413633	805176	78399	2119	2119	0
4237766	798819	55091	6357	2119	0
4439060	885693	61448	2119	0	0
4341591	885693	65685	4238	0	0
4121227	817889	52972	2119	0	0
4320402	851791	69923	4238	0	0
4121227	836959	63566	4238	2119	0
4218696	809413	48734	0	0	0
4574668	856029	74161	0	0	0
4176318	892050	67804	2119	0	0
4377612	856029	72042	4238	0	0
4210221	898406	63566	2119	0	0
4131822	828483	50853	4238	0	0
4244123	875099	95350	2119	0	0
4239885	830602	84755	4238	0	0
4288619	794581	55091	0	0	0
4212339	798819	55091	0	0	0
4239885	824245	72042	2119	0	0
4330997	775511	59329	0	0	0
4256836	860266	61448	4238	0	0
4307689	839078	63566	0	0	0
4032234	775511	63566	6357	0	0
4165724	796700	50853	0	0	0
4265311	870861	88993	6357	0	0
4330997	875099	72042	2119	0	0
4163605	845434	72042	4238	0	0
4157248	826364	84755	0	0	0
4091563	839078	86874	0	0	0
4222934	728896	31783	2119	0	0
4407277	839078	67804	4238	2119	0
4165724	809413	63566	6357	2119	0
4316165	898406	82636	4238	0	0
4307689	847553	65685	8476	2119	0
4318284	875099	69923	6357	0	0
4301332	849672	67804	0	0	0
4216577	826364	57210	8476	2119	0
4208102	807294	52972	0	0	0
4169962	858148	84755	6357	4238	0
4398801	896288	80518	0	0	0
4540766	909001	108063	8476	4238	0
4411514	841197	63566	6357	2119	0
4369137	815770	67804	4238	2119	0
4341591	898406	78399	2119	2119	0
4112752	811532	72042	2119	0	0
4070374	898406	91112	6357	0	0
4197507	862385	65685	0	0	0
4248360	866623	80518	0	0	0
4150892	856029	78399	2119	0	0
4316165	932309	76280	0	0	0
4303451	836959	59329	4238	0	0
4383969	783987	95350	8476	2119	0
4631878	809413	59329	0	0	0
4189032	900525	105944	6357	2119	0
4205983	847553	57210	2119	0	0
4169962	786106	61448	2119	0	0
4434822	866623	82636	10594	2119	0
4417871	909001	82636	2119	2119	0
4350067	845434	74161	2119	0	0
4316165	881455	65685	2119	0	0
4218696	769155	61448	4238	0	0
4121227	834840	57210	0	0	0
4237766	898406	86874	2119	0	0
4451773	896288	86874	10594	8476	0
4116990	805176	78399	4238	4238	0
4227172	820008	40259	0	0	0
4430584	843315	59329	2119	0	0
4078850	832721	65685	8476	0	0
3972906	779749	69923	4238	4238	0
4121227	807294	80518	4238	0	0
4258955	877218	59329	4238	4238	2119
4436941	820008	82636	4238	0	0
4525934	794581	57210	4238	4238	2119
4102157	872980	50853	2119	0	0
4333116	883574	69923	2119	0	0
4314046	805176	78399	4238	0	0
4464486	851791	74161	0	0	0
4326759	824245	48734	2119	0	0
4559836	919595	84755	0	0	0
4439060	858148	65685	0	0	0
4407277	879336	86874	0	0	0
4208102	731015	74161	2119	0	0
4439060	796700	69923	2119	0	0
4443298	870861	74161	2119	0	0
4496270	940784	101706	8476	4238	2119
4307689	843315	103825	6357	0	0
4201745	858148	63566	2119	0	0
4231409	822127	63566	2119	0	0
4330997	945022	63566	2119	0	0
4284381	771273	63566	0	0	0
4307689	841197	97469	4238	0	0
4413633	925952	65685	2119	0	0
4356423	862385	48734	2119	0	0
4367018	813651	57210	0	0	0
4174200	879336	86874	8476	2119	2119
4383969	836959	78399	4238	0	0
4472962	913239	80518	2119	0	0
4290738	822127	72042	6357	0	0
4394563	786106	42378	0	0	0
4242004	815770	57210	0	0	0
4153011	830602	40259	0	0	0
4263193	942903	61448	6357	2119	2119
4352186	798819	69923	0	0	0
4239885	817889	82636	2119	0	0
4301332	824245	65685	4238	4238	0
4314046	917476	72042	2119	0	0
4492032	934427	74161	2119	0	0
4343710	894169	48734	2119	0	0
4097920	758560	55091	2119	0	0
4100039	752203	52972	0	0	0
4072493	779749	36021	2119	0	0
4540766	860266	55091	4238	0	0
4328878	851791	63566	4238	0	0
4326759	813651	63566	2119	0	0
4280144	796700	61448	0	0	0
4231409	792462	67804	0	0	0
4396682	856029	57210	4238	2119	0
4280144	760679	65685	2119	0	0
4180556	872980	61448	2119	0	0
4305570	805176	57210	4238	2119	2119
4169962	841197	76280	6357	2119	0
4199626	745847	74161	2119	2119	0
4309808	815770	42378	2119	0	0
4409396	892050	50853	0	0	0
4409396	887812	48734	4238	2119	0
4269549	864504	44497	2119	2119	0
4333116	875099	78399	0	0	0
4403039	832721	59329	2119	2119	0
4356423	790343	63566	0	0	0
4449654	779749	50853	2119	2119	2119
4265311	849672	57210	8476	2119	2119
4360661	856029	61448	8476	2119	0
4301332	879336	63566	0	0	0
4278025	887812	74161	2119	0	0
4462368	858148	61448	0	0	0
4275906	792462	59329	2119	0	0
4299214	760679	44497	2119	0	0
4362780	898406	110182	6357	0	0
4462368	841197	69923	6357	2119	0
4390326	769155	63566	0	0	0
4220815	779749	63566	8476	4238	0
4212339	813651	48734	0	0	0
4305570	830602	46615	0	0	0
4496270	824245	50853	0	0	0
4269549	771273	25427	0	0	0
4263193	794581	61448	6357	2119	0
4335235	904763	74161	4238	0	0
4227172	845434	76280	0	0	0
4210221	815770	46615	6357	2119	0
4311927	877218	67804	2119	2119	0
4392444	824245	69923	2119	0	0
4670018	866623	63566	0	0	0
4108514	767036	42378	0	0	0
4218696	826364	65685	6357	0	0
4265311	885693	40259	0	0	0
4210221	904763	63566	0	0	0
4220815	822127	91112	4238	0	0
4176318	747966	50853	4238	0	0
4383969	828483	82636	6357	2119	0
4356423	849672	69923	4238	0	0
4155130	841197	78399	2119	2119	0
4292857	788224	65685	0	0	0
4398801	762798	50853	4238	0	0
4316165	955616	61448	0	0	0
4587382	904763	69923	2119	0	0
4229290	824245	36021	6357	2119	0
4343710	828483	33902	0	0	0
4504745	885693	65685	2119	0	0
4405158	836959	52972	0	0	0
4504745	858148	52972	0	0	0
4392444	892050	74161	0	0	0
4125465	858148	65685	4238	0	0
4364899	936546	127133	25427	16951	8476
4142416	813651	55091	10594	4238	0
4824697	1059442	194937	48734	27545	6357
4822578	1078511	173748	40259	29664	10594
4756892	1027658	188581	63566	27545	8476
4848004	1156910	256385	78399	40259	21189
4994207	1089106	239434	61448	38140	10594
4816221	1078511	190699	52972	27545	8476
4699682	1012826	218245	67804	36021	14832
4612808	1055204	216126	59329	33902	12713
4434822	875099	156797	50853	27545	8476
4593738	1029777	203413	57210	27545	10594
4496270	913239	201294	36021	25427	10594
4727228	1161148	211888	57210	31783	14832
4655186	970448	167392	50853	25427	8476
4297095	928071	139846	27545	14832	0
4498389	928071	184343	50853	21189	8476
4504745	1031896	203413	52972	21189	8476
4568312	1029777	177986	50853	25427	8476
4714515	1080630	216126	55091	31783	14832
4479319	974686	188581	44497	25427	8476
4564074	991637	171630	42378	14832	4238
4678494	947141	169511	42378	25427	10594
4466605	1034015	173748	48734	23308	8476
4631878	1008588	182224	55091	27545	8476
4608571	1025539	184343	57210	36021	12713
4496270	1017064	163154	38140	21189	4238
4407277	909001	144084	29664	21189	6357
4608571	1019183	169511	38140	16951	6357
4710277	1091225	207651	42378	12713	0
4500507	934427	156797	23308	16951	8476
4267430	898406	165273	29664	14832	12713
4638235	1023420	173748	38140	23308	12713
4722990	1042490	186462	42378	25427	2119
4462368	892050	122895	38140	19070	6357
4638235	1040372	180105	50853	23308	6357
4256836	940784	175867	25427	4238	4238
4496270	968330	144084	36021	10594	2119
4530172	906882	129252	21189	8476	2119
4625522	1061560	163154	38140	21189	8476
4572550	919595	141965	48734	31783	12713
4356423	1027658	131371	25427	6357	2119
4341591	983162	105944	19070	8476	0
4739941	981043	194937	44497	21189	10594
4576787	1006469	141965	23308	10594	2119
4695445	989518	167392	59329	27545	4238
4483556	991637	163154	31783	10594	8476
4881906	1061560	156797	46615	23308	2119
4485675	942903	139846	44497	12713	6357
4417871	964092	163154	42378	16951	8476
4390326	959854	133490	33902	12713	2119
4610689	983162	116539	25427	12713	8476
4525934	945022	135609	29664	6357	2119
4682731	928071	122895	31783	16951	4238
4373375	906882	112301	27545	12713	4238
4443298	1036134	139846	23308	10594	2119
4434822	1004351	131371	21189	12713	2119
4517459	961973	177986	29664	19070	2119
4464486	868742	116539	21189	6357	2119
4621284	981043	158916	36021	12713	4238
4589501	966211	146203	36021	10594	0
4591619	911120	116539	23308	10594	4238
4811983	1019183	152560	42378	23308	4238
4405158	993756	122895	29664	14832	0
4610689	1048847	167392	25427	10594	0
4826815	991637	163154	36021	14832	4238
4644592	968330	144084	27545	16951	4238
4674256	917476	97469	27545	14832	4238
4585263	1070036	139846	19070	12713	6357
4498389	883574	97469	21189	8476	2119
4335235	906882	95350	16951	10594	2119
4536529	917476	120776	16951	8476	0
4407277	978924	110182	21189	6357	2119
4521696	940784	103825	19070	6357	2119
4464486	934427	120776	21189	8476	2119
4367018	928071	97469	12713	4238	2119
4453892	951378	88993	19070	6357	0
4653067	1074274	141965	16951	8476	2119
4354305	940784	122895	21189	12713	4238
4589501	940784	139846	16951	6357	2119
4542885	896288	116539	25427	14832	2119
4398801	909001	101706	25427	10594	4238
4409396	976805	125014	16951	8476	0
4504745	879336	108063	12713	8476	0
4275906	860266	80518	10594	4238	0
4212339	851791	95350	10594	6357	0
4417871	877218	112301	21189	12713	4238
4407277	978924	127133	14832	2119	2119
4483556	932309	105944	21189	6357	0
4472962	913239	108063	25427	8476	0
4545004	940784	137727	19070	8476	2119
4540766	900525	110182	25427	8476	4238
4335235	885693	101706	14832	2119	2119
4275906	936546	116539	14832	4238	0
4419990	968330	127133	10594	0	0
4356423	930190	84755	10594	4238	0
4811983	938665	114420	16951	4238	0
4655186	919595	112301	16951	6357	2119
4475081	964092	118657	16951	10594	4238
4525934	917476	114420	23308	12713	8476
4515340	976805	101706	14832	6357	4238
4422109	970448	120776	14832	6357	0
4640354	1004351	152560	31783	10594	2119
4494151	1000113	110182	21189	10594	0
4508983	983162	116539	16951	8476	0
4449654	879336	93231	21189	4238	0
4519577	951378	105944	14832	2119	0
4472962	930190	76280	12713	4238	0
4320402	925952	127133	19070	6357	0
4362780	917476	103825	23308	8476	4238
4413633	879336	76280	6357	0	0
4701801	1027658	125014	21189	4238	0
4585263	921714	76280	6357	4238	2119
4547123	913239	120776	21189	8476	0
4657305	917476	84755	16951	6357	2119
4646710	889931	112301	16951	6357	2119
4756892	892050	99588	8476	4238	0
4884025	951378	129252	21189	8476	2119
4597976	909001	101706	8476	2119	0
4742060	896288	84755	10594	2119	0
4828934	957735	101706	10594	4238	2119
4574668	892050	97469	14832	2119	0
4479319	864504	78399	10594	2119	2119
4646710	883574	72042	12713	8476	0
4472962	1021302	91112	16951	0	0
4443298	809413	59329	10594	6357	0
4456011	879336	82636	8476	6357	2119
4424228	938665	93231	10594	6357	0
4564074	915357	72042	8476	6357	0
4462368	896288	78399	8476	0	0
4532291	936546	82636	12713	8476	0
4481438	839078	57210	4238	2119	0
4381850	936546	91112	8476	6357	0
4485675	923833	108063	16951	8476	0
4413633	866623	86874	4238	2119	0
4379731	879336	80518	8476	2119	0
4606452	864504	84755	12713	6357	2119
4631878	978924	103825	14832	4238	0
4695445	900525	78399	10594	4238	2119
4670018	885693	78399	8476	2119	0
4403039	853910	74161	4238	2119	0
4466605	879336	63566	12713	0	0
4504745	932309	80518	2119	2119	0
4358542	953497	86874	6357	0	0
4424228	942903	78399	4238	2119	0
4670018	883574	61448	8476	2119	0
4608571	936546	69923	6357	0	0
4506864	917476	78399	10594	4238	0
4583144	887812	78399	10594	0	0
4536529	959854	65685	4238	4238	2119
4593738	942903	72042	4238	2119	0
4650948	978924	99588	10594	4238	0
4392444	906882	91112	4238	2119	2119
4517459	951378	78399	8476	4238	2119
4502626	949260	65685	2119	2119	2119
4239885	870861	97469	2119	0	0
4472962	915357	74161	2119	2119	0
4706039	881455	78399	10594	4238	2119
4636116	906882	86874	6357	2119	0
4449654	894169	82636	6357	2119	0
4515340	887812	80518	2119	0	0
4581025	923833	48734	0	0	0
4415752	851791	46615	6357	2119	0
4343710	800938	55091	8476	2119	2119
4335235	864504	52972	6357	2119	0
4364899	894169	69923	4238	2119	0
4659424	832721	80518	4238	2119	0
4383969	864504	52972	2119	0	0
4540766	872980	61448	10594	0	0
4657305	919595	65685	2119	0	0
4519577	919595	108063	8476	4238	2119
4511102	911120	78399	12713	2119	0
4407277	885693	52972	8476	6357	2119
4320402	849672	57210	6357	4238	0
4536529	917476	67804	8476	2119	0
4494151	892050	74161	8476	6357	0
4449654	917476	63566	4238	0	0
4489913	887812	65685	8476	2119	0
4674256	930190	74161	6357	0	0
4432703	925952	80518	6357	2119	0
4515340	934427	63566	0	0	0
4481438	896288	84755	6357	2119	2119
4604333	862385	65685	6357	0	0
4441179	834840	78399	6357	2119	0
4621284	892050	48734	0	0	0
4515340	1006469	97469	4238	0	0
4311927	834840	65685	2119	0	0
4492032	889931	67804	0	0	0
4354305	911120	76280	4238	2119	2119
4456011	832721	67804	4238	0	0
4485675	921714	95350	8476	4238	0
4407277	856029	61448	0	0	0
4413633	917476	69923	8476	2119	0
4330997	836959	61448	4238	4238	0
4553480	942903	84755	10594	4238	2119
4720871	1053085	82636	4238	2119	0
4432703	947141	95350	8476	2119	0
4458130	834840	59329	2119	2119	0
4328878	824245	61448	4238	0	0
4303451	885693	65685	6357	0	0
4551361	849672	67804	0	0	0
4280144	909001	69923	4238	0	0
4714515	822127	69923	0	0	0
4472962	887812	103825	2119	0	0
4233528	909001	57210	8476	2119	0
4581025	1063679	86874	2119	0	0
4636116	898406	76280	6357	2119	0
4405158	898406	48734	2119	2119	0
4432703	883574	69923	2119	0	0
4542885	809413	52972	6357	2119	0
4583144	803057	67804	2119	2119	0
4314046	820008	36021	0	0	0
4453892	947141	63566	4238	0	0
4487794	930190	88993	2119	2119	0
4638235	964092	93231	14832	0	0
4364899	934427	61448	4238	0	0
4322521	849672	57210	0	0	0
4453892	783987	65685	6357	2119	0
4559836	936546	76280	10594	2119	0
4309808	817889	76280	6357	4238	0
4352186	803057	67804	4238	0	0
4394563	809413	48734	4238	0	0
4494151	885693	57210	6357	0	0
4583144	904763	80518	2119	0	0
4614927	913239	44497	2119	0	0
4532291	836959	38140	4238	0	0
4413633	917476	59329	4238	2119	0
4398801	813651	61448	2119	2119	0
4470843	866623	69923	8476	0	0
4559836	877218	86874	4238	2119	0
4369137	822127	55091	2119	0	0
4182675	815770	61448	4238	0	0
4360661	834840	74161	0	0	0
4381850	964092	38140	0	0	0
4301332	858148	44497	10594	4238	0
4555598	942903	52972	0	0	0
4574668	938665	67804	2119	0	0
4424228	875099	59329	4238	0	0
4333116	889931	59329	0	0	0
4502626	885693	55091	2119	0	0
4587382	1023420	63566	6357	0	0
4222934	870861	65685	6357	6357	2119
4417871	932309	69923	0	0	0
4409396	896288	57210	6357	4238	0
4445417	773392	57210	6357	2119	0
4500507	945022	67804	2119	2119	0
4388207	828483	57210	2119	0	0
4415752	875099	74161	0	0	0
4545004	919595	50853	0	0	0
4386088	947141	76280	2119	0	0
4345829	921714	72042	4238	0	0
4379731	896288	52972	2119	0	0
4396682	832721	61448	6357	0	0
4591619	1008588	57210	4238	0	0
4449654	858148	42378	2119	0	0
4742060	919595	69923	4238	2119	0
4559836	976805	48734	0	0	0
4468724	836959	59329	4238	2119	0
4498389	813651	40259	4238	0	0
4345829	800938	61448	4238	0	0
4428465	828483	65685	4238	2119	0
4659424	951378	63566	6357	0	0
4483556	872980	50853	4238	0	0
4585263	860266	52972	6357	0	0
4439060	906882	46615	2119	0	0
4419990	862385	78399	4238	2119	0
4538647	970448	76280	2119	0	0
4629759	911120	63566	2119	0	0
4364899	896288	67804	2119	0	0
4676375	879336	42378	2119	0	0
4557717	877218	65685	4238	2119	0
4549242	970448	61448	2119	0	0
4674256	974686	74161	6357	0	0
4398801	862385	46615	2119	2119	0
4502626	911120	46615	2119	2119	0
4525934	932309	57210	2119	2119	0
4536529	830602	61448	4238	0	0
4483556	834840	50853	2119	0	0
4297095	870861	55091	4238	0	0
4608571	868742	78399	2119	0	0
4339472	902644	78399	0	0	0
4432703	872980	52972	2119	0	0
4481438	786106	52972	0	0	0
4350067	836959	55091	2119	2119	0
4322521	777630	38140	4238	4238	2119
4517459	887812	52972	0	0	0
4273787	771273	67804	0	0	0
4320402	830602	42378	0	0	0
4489913	851791	57210	6357	0	0
4475081	896288	69923	4238	2119	0
4534410	845434	67804	6357	2119	0
4545004	849672	52972	2119	0	0
4650948	894169	44497	0	0	0
4530172	928071	55091	10594	4238	0
4294976	866623	48734	2119	0	0
4521696	892050	52972	0	0	0
4417871	872980	74161	0	0	0
4419990	883574	48734	0	0	0
4532291	909001	61448	2119	0	0
4422109	851791	74161	4238	0	0
4500507	909001	59329	8476	0	0
4477200	902644	42378	4238	2119	0
4301332	830602	52972	0	0	0
4292857	892050	42378	0	0	0
4494151	896288	55091	2119	0	0
4487794	864504	59329	4238	0	0
4462368	868742	67804	6357	2119	0
4339472	864504	61448	2119	2119	2119
4568312	866623	69923	6357	4238	2119
4621284	887812	48734	2119	0	0
4485675	911120	63566	0	0	0
4373375	898406	48734	0	0	0
4411514	875099	80518	2119	2119	0
4443298	813651	52972	0	0	0
4483556	883574	50853	4238	0	0
4373375	864504	74161	4238	4238	0
4301332	796700	36021	0	0	0
4483556	824245	80518	2119	2119	0
4496270	868742	31783	0	0	0
4540766	883574	52972	0	0	0
4269549	896288	40259	8476	2119	0
4256836	767036	44497	8476	6357	0
4468724	803057	42378	0	0	0
4566193	913239	57210	4238	4238	0
4422109	945022	50853	2119	0	0
4422109	781868	59329	4238	2119	0
4330997	830602	55091	4238	2119	0
4472962	930190	59329	4238	2119	2119
4655186	902644	52972	0	0	0
4445417	875099	57210	4238	4238	0
4551361	906882	55091	2119	0	0
4725109	947141	61448	4238	2119	0
4627640	841197	63566	2119	2119	0
4460249	953497	65685	4238	2119	0
4644592	898406	84755	6357	2119	0
4623403	940784	65685	2119	2119	0
4737822	932309	82636	6357	0	0
4559836	877218	76280	10594	4238	2119
4504745	783987	67804	6357	2119	0
4665780	860266	55091	8476	4238	0
4434822	889931	52972	4238	0	0
4551361	898406	42378	0	0	0
4661543	885693	63566	4238	0	0
4335235	845434	52972	2119	0	0
4460249	896288	52972	0	0	0
4489913	900525	44497	4238	0	0
4581025	911120	52972	0	0	0
4576787	991637	74161	4238	4238	0
4555598	940784	69923	2119	0	0
4532291	955616	46615	0	0	0
4424228	872980	59329	0	0	0
4519577	911120	69923	2119	0	0
4551361	883574	69923	4238	4238	0
4214458	847553	61448	10594	4238	2119
4561955	879336	59329	4238	2119	2119
4496270	883574	67804	2119	2119	0
4591619	917476	55091	2119	2119	0
4644592	953497	78399	8476	4238	0
4576787	889931	57210	4238	0	0
4555598	947141	40259	0	0	0
4269549	858148	50853	4238	2119	0
4441179	864504	55091	2119	0	0
4644592	917476	61448	2119	2119	0
4689088	925952	50853	0	0	0
4610689	887812	63566	0	0	0
4572550	917476	65685	0	0	0
4508983	889931	55091	4238	0	0
4447535	881455	52972	6357	2119	0
4686969	881455	59329	2119	0	0
4551361	945022	63566	0	0	0
4532291	904763	55091	2119	0	0
4428465	870861	72042	2119	0	0
4587382	909001	48734	2119	0	0
4339472	845434	42378	0	0	0
4600095	845434	46615	4238	2119	2119
4511102	911120	44497	4238	0	0
4356423	817889	55091	0	0	0
4479319	828483	57210	2119	2119	0
4506864	925952	69923	0	0	0
4540766	921714	59329	2119	2119	0
4684850	966211	61448	2119	0	0
4542885	826364	57210	4238	4238	0
4756892	879336	50853	2119	0	0
4648829	904763	55091	2119	0	0
4538647	834840	50853	2119	0	0
4409396	813651	52972	0	0	0
4775962	957735	42378	2119	0	0
4434822	930190	63566	2119	0	0