0.3um/m3	0.5um/m3	1.0um/m3	3.0um/m3	5.0um/m3	10.0um/m3
4667899	968330	220364	72042	48734	21189
4184794	887812	182224	33902	21189	8476
5006921	1093344	290287	67804	38140	14832
4663661	951378	216126	63566	31783	6357
4369137	843315	180105	44497	23308	8476
4405158	938665	207651	57210	27545	4238
4396682	877218	182224	57210	31783	12713
4542885	953497	211888	59329	29664	16951
4263193	830602	169511	27545	12713	6357
4197507	841197	186462	52972	23308	8476
4468724	913239	199175	48734	33902	6357
4629759	898406	180105	46615	25427	12713
4564074	836959	171630	52972	25427	8476
4358542	864504	194937	44497	29664	10594
4551361	896288	207651	44497	21189	6357
4390326	866623	146203	46615	29664	6357
4432703	938665	218245	52972	16951	4238
4464486	898406	167392	42378	23308	4238
4540766	875099	188581	61448	25427	8476
4381850	889931	161035	36021	19070	4238
4479319	868742	144084	40259	16951	8476
4354305	913239	177986	48734	25427	10594
4322521	849672	175867	36021	12713	4238
4322521	921714	218245	50853	27545	12713
4146654	756441	144084	23308	10594	0
4138178	830602	171630	38140	16951	0
4506864	794581	146203	44497	23308	14832
4413633	786106	135609	38140	23308	14832
4364899	786106	171630	40259	21189	14832
4383969	786106	163154	42378	29664	12713
4301332	722539	137727	46615	14832	10594
4102157	790343	186462	31783	14832	6357
4430584	803057	165273	27545	19070	6357
4417871	853910	167392	50853	27545	10594
4356423	803057	169511	42378	31783	16951
4394563	773392	144084	23308	12713	4238
4400920	875099	167392	33902	19070	6357
4182675	864504	156797	31783	6357	4238
4411514	858148	148322	40259	23308	6357
4358542	872980	173748	50853	23308	4238
4396682	870861	184343	59329	29664	12713
4377612	851791	144084	25427	14832	4238
4441179	754322	133490	38140	23308	14832
4595857	892050	154678	40259	25427	10594
4396682	887812	158916	33902	12713	4238
4356423	864504	156797	27545	12713	2119
4250479	803057	141965	21189	10594	0
4381850	875099	144084	42378	31783	10594
4381850	879336	148322	31783	16951	6357
4356423	813651	150441	19070	10594	2119
4498389	925952	154678	31783	19070	2119
4426347	841197	152560	38140	14832	8476
4367018	834840	125014	31783	21189	8476
4316165	896288	105944	25427	16951	2119
4254717	790343	114420	42378	16951	6357
4352186	856029	114420	14832	8476	6357
4263193	758560	116539	31783	12713	0
4432703	820008	152560	27545	19070	4238
4191151	870861	167392	21189	6357	2119
4345829	788224	120776	23308	12713	2119
4144535	809413	150441	14832	10594	0
4231409	803057	108063	14832	8476	0
4441179	887812	144084	29664	14832	4238
4201745	803057	150441	27545	8476	2119
4205983	847553	139846	36021	10594	4238
4508983	839078	144084	14832	10594	2119
4330997	769155	101706	33902	16951	4238
4360661	828483	108063	29664	16951	4238
4419990	803057	118657	10594	8476	0
4320402	815770	135609	21189	10594	6357
4218696	849672	120776	23308	6357	0
4083088	764917	122895	29664	10594	2119
4218696	822127	129252	19070	14832	6357
4138178	790343	93231	14832	10594	2119
4496270	866623	135609	25427	12713	2119
4233528	868742	114420	31783	10594	0
4545004	826364	110182	21189	6357	2119
4322521	762798	120776	19070	6357	2119
4356423	856029	108063	21189	4238	2119
4008927	716182	110182	19070	8476	2119
4144535	815770	112301	16951	8476	4238
4426347	839078	99588	21189	12713	4238
4216577	724658	105944	16951	4238	4238
4055542	760679	112301	16951	2119	0
4100039	805176	120776	23308	0	0
4650948	811532	101706	25427	10594	0
4345829	805176	86874	8476	4238	2119
4278025	756441	131371	16951	10594	4238
4125465	792462	91112	21189	2119	0
4398801	805176	127133	16951	10594	0
4371256	783987	95350	19070	12713	2119
4511102	794581	120776	19070	8476	4238
4585263	866623	101706	19070	14832	4238
4280144	781868	112301	16951	4238	0
4373375	826364	101706	21189	10594	0
4248360	783987	101706	19070	12713	6357
4542885	824245	86874	6357	4238	2119
4689088	817889	103825	19070	6357	0
4320402	747966	97469	10594	8476	0
4462368	853910	108063	16951	0	0
4447535	860266	82636	8476	4238	0
4320402	790343	110182	12713	8476	0
4468724	898406	114420	14832	6357	0
4532291	781868	86874	19070	8476	2119
4225053	752203	95350	14832	2119	0
4398801	843315	141965	23308	8476	2119
4273787	758560	82636	21189	8476	0
4299214	828483	103825	19070	2119	0
4587382	817889	101706	14832	2119	0
4335235	783987	93231	14832	8476	2119
4292857	834840	93231	12713	10594	8476
4477200	836959	120776	16951	10594	0
4411514	750085	103825	10594	4238	0
4239885	769155	84755	8476	6357	2119
4237766	803057	108063	14832	0	0
4095801	682280	84755	16951	6357	2119
4165724	771273	108063	10594	2119	0
4394563	898406	93231	8476	2119	0
4555598	828483	103825	8476	6357	2119
4163605	771273	72042	8476	0	0
4322521	805176	74161	12713	8476	2119
4413633	826364	97469	10594	2119	0
4536529	807294	91112	10594	4238	2119
4269549	781868	93231	12713	2119	0
4443298	836959	97469	6357	2119	0
4517459	779749	69923	12713	6357	4238
4386088	741609	63566	4238	2119	0
4411514	775511	74161	10594	2119	0
4214458	690756	69923	4238	2119	0
4330997	724658	72042	14832	6357	2119
4307689	817889	80518	4238	0	0
4186913	775511	101706	12713	4238	0
4220815	813651	82636	12713	4238	0
4116990	635665	63566	2119	2119	0
4371256	815770	74161	12713	2119	2119
4445417	728896	97469	6357	2119	0
4280144	764917	78399	14832	8476	0
4320402	773392	86874	14832	8476	4238
4513221	820008	59329	8476	4238	4238
4693326	794581	82636	8476	2119	0
4570431	807294	67804	8476	6357	0
4481438	781868	67804	0	0	0
4464486	864504	78399	4238	2119	2119
4398801	783987	86874	6357	2119	0
4269549	758560	82636	8476	2119	0
4246242	724658	78399	10594	6357	2119
4256836	718301	76280	12713	2119	0
4400920	805176	86874	8476	2119	0
4284381	832721	91112	12713	2119	0
4426347	794581	63566	4238	0	0
4428465	775511	72042	10594	8476	0
4379731	779749	63566	2119	0	0
4600095	860266	76280	2119	0	0
4568312	828483	97469	6357	2119	0
4458130	805176	84755	8476	6357	0
4390326	756441	80518	8476	0	0
4659424	830602	82636	8476	0	0
4328878	752203	84755	4238	0	0
4208102	775511	86874	10594	4238	0
4436941	699231	65685	4238	2119	0
4604333	788224	84755	6357	2119	0
4443298	805176	52972	8476	2119	2119
4311927	767036	65685	6357	2119	0
4627640	773392	59329	6357	2119	0
4333116	813651	82636	6357	4238	4238
4496270	758560	82636	8476	4238	2119
4383969	788224	95350	2119	0	0
4477200	779749	82636	8476	2119	2119
4246242	739490	59329	8476	2119	0
4555598	769155	72042	6357	0	0
4261074	737371	67804	8476	2119	0
4208102	697113	80518	6357	6357	0
4263193	718301	69923	6357	2119	0
4286500	688637	84755	6357	2119	2119
4305570	745847	67804	2119	0	0
4426347	813651	91112	6357	0	0
4288619	762798	72042	4238	2119	2119
4275906	824245	80518	8476	4238	0
4350067	788224	84755	4238	2119	0
4572550	817889	80518	6357	4238	0
4373375	803057	80518	6357	0	0
4419990	800938	76280	2119	0	0
4174200	750085	67804	6357	2119	0
4347948	788224	84755	6357	4238	0
4288619	737371	59329	4238	0	0
4216577	739490	74161	8476	0	0
4462368	758560	50853	4238	4238	0
4339472	720420	57210	4238	4238	0
4280144	781868	59329	0	0	0
4263193	722539	46615	2119	2119	0
4633997	779749	76280	2119	0	0
4261074	777630	76280	2119	2119	0
4328878	718301	82636	12713	8476	0
4235647	747966	67804	6357	2119	0
4180556	688637	80518	2119	0	0
4292857	750085	67804	4238	2119	0
4436941	735252	55091	4238	0	0
4341591	779749	82636	6357	0	0
4498389	803057	65685	6357	2119	0
4449654	750085	63566	2119	0	0
4184794	762798	86874	4238	2119	0
4231409	796700	74161	6357	2119	0
4328878	790343	52972	2119	2119	0
4407277	830602	59329	10594	4238	0
4225053	735252	78399	4238	0	0
4419990	767036	82636	0	0	0
4328878	733134	84755	2119	2119	0
4449654	764917	95350	6357	2119	0
4140297	633546	67804	4238	0	0
4172081	771273	63566	10594	2119	0
4451773	714064	74161	2119	0	0
4419990	760679	74161	4238	4238	0
4208102	694994	74161	2119	2119	0
4330997	750085	55091	4238	2119	0
4419990	722539	67804	10594	4238	2119
4430584	781868	72042	8476	2119	0
4405158	807294	65685	8476	2119	0
4146654	741609	57210	2119	2119	0
4447535	798819	72042	2119	2119	0
4367018	707707	63566	4238	0	0
4169962	826364	48734	0	0	0
4422109	711945	55091	4238	2119	0
4417871	807294	80518	4238	2119	0
4250479	747966	57210	0	0	0
4261074	767036	61448	2119	2119	0
4403039	836959	72042	2119	0	0
3964430	654735	61448	0	0	0
4333116	767036	61448	2119	0	0
4343710	781868	59329	0	0	0
4273787	792462	76280	0	0	0
4424228	777630	74161	2119	0	0
4333116	826364	76280	2119	0	0
4337354	756441	74161	0	0	0
4583144	856029	48734	6357	4238	0
4775962	813651	65685	4238	0	0
4464486	777630	76280	6357	4238	2119
4441179	794581	59329	4238	0	0
4220815	737371	69923	0	0	0
4528053	843315	59329	6357	0	0
4335235	735252	59329	2119	0	0
4508983	720420	61448	0	0	0
4288619	752203	72042	2119	0	0
4373375	811532	65685	2119	0	0
4229290	760679	74161	2119	0	0
4305570	743728	72042	2119	2119	0
4330997	767036	52972	2119	0	0
4288619	820008	44497	2119	2119	0
4354305	756441	65685	6357	2119	0
4371256	767036	63566	4238	0	0
4472962	792462	63566	4238	2119	0
4610689	811532	103825	6357	2119	0
4235647	754322	72042	2119	0	0
4369137	703469	82636	0	0	0
4269549	673805	59329	0	0	0
4398801	739490	69923	0	0	0
4373375	750085	74161	8476	0	0
4392444	720420	74161	6357	4238	2119
4330997	733134	67804	2119	0	0
4337354	733134	59329	0	0	0
4551361	836959	74161	4238	0	0
4360661	707707	61448	0	0	0
4400920	822127	65685	2119	0	0
4290738	673805	57210	6357	0	0
4339472	820008	86874	2119	0	0
4369137	803057	50853	2119	0	0
4231409	739490	48734	2119	0	0
4335235	758560	65685	0	0	0
4288619	822127	57210	4238	2119	0
4239885	728896	52972	4238	0	0
4227172	703469	57210	2119	0	0
4210221	839078	65685	6357	0	0
4341591	849672	74161	4238	0	0
4458130	803057	59329	4238	2119	0
4570431	739490	76280	6357	2119	0
4275906	762798	63566	6357	2119	0
4367018	745847	74161	2119	0	0
4583144	741609	59329	0	0	0
4193269	692875	42378	0	0	0
4339472	697113	59329	2119	0	0
4422109	711945	36021	0	0	0
4373375	728896	88993	6357	0	0
4231409	716182	72042	2119	2119	0
4299214	707707	57210	2119	0	0
4441179	731015	72042	2119	0	0
4180556	711945	46615	0	0	0
4339472	824245	61448	12713	4238	0
4284381	758560	57210	2119	2119	0
4500507	754322	50853	4238	0	0
4574668	822127	48734	2119	0	0
4356423	830602	46615	2119	0	0
4333116	803057	44497	0	0	0
4341591	796700	82636	0	0	0
4339472	830602	65685	4238	0	0
4540766	800938	69923	4238	0	0
4403039	779749	76280	2119	0	0
13463383	4210221	959854	57210	16951	2119
14266439	4718752	1201407	112301	44497	4238
7632217	2000226	461916	14832	6357	0
7367356	1917589	425895	27545	4238	0
6473188	1665442	307238	21189	6357	2119
6517684	1663323	288168	10594	0	0
5307802	1129365	169511	21189	12713	0
5483669	1137840	156797	10594	4238	0
4884025	961973	95350	4238	2119	0
4581025	834840	67804	0	0	0
4659424	843315	74161	6357	0	0
4987851	1014945	127133	10594	2119	0
4648829	828483	69923	6357	4238	0
4672137	906882	110182	4238	0	0
4523815	747966	88993	4238	2119	0
4472962	881455	67804	6357	2119	0
4451773	805176	72042	6357	4238	0
4536529	794581	84755	2119	2119	0
4466605	741609	72042	2119	2119	0
4506864	764917	61448	2119	2119	2119
4284381	767036	65685	0	0	0
4508983	771273	50853	0	0	0
4337354	790343	61448	2119	2119	0
4235647	754322	63566	0	0	0
4483556	917476	72042	4238	2119	0
4496270	805176	40259	0	0	0
4403039	803057	59329	0	0	0
4523815	771273	69923	2119	0	0
4354305	701350	65685	4238	2119	0
4553480	824245	63566	2119	2119	0
4358542	697113	38140	6357	2119	2119
4447535	775511	95350	0	0	0
4138178	743728	65685	6357	2119	0
4604333	847553	65685	2119	0	0
4532291	889931	63566	0	0	0
4388207	824245	80518	4238	0	0
4629759	786106	55091	2119	2119	0
4456011	851791	59329	2119	2119	0
4691207	798819	59329	4238	2119	0
4449654	758560	82636	2119	2119	0
4407277	722539	69923	6357	0	0
4383969	754322	63566	2119	2119	0
4333116	775511	59329	6357	4238	0
4477200	758560	57210	2119	0	0
4506864	786106	46615	4238	2119	0
4305570	786106	55091	0	0	0
4403039	792462	69923	4238	2119	0
4517459	779749	59329	0	0	0
4322521	741609	57210	0	0	0
4330997	762798	65685	4238	2119	2119
4640354	790343	55091	4238	0	0
4572550	733134	88993	10594	2119	2119
4456011	832721	63566	6357	0	0
4678494	794581	82636	4238	2119	2119
4409396	796700	46615	2119	0	0
4301332	707707	72042	6357	0	0
4358542	815770	52972	2119	0	0
4432703	722539	69923	2119	2119	0
4570431	817889	55091	6357	2119	0
4422109	777630	63566	6357	2119	2119
4710277	843315	63566	2119	0	0
4589501	794581	74161	2119	2119	0
4456011	792462	76280	0	0	0
4515340	845434	55091	2119	0	0
4456011	703469	59329	2119	2119	0
4591619	769155	72042	8476	2119	0
4631878	737371	55091	0	0	0
4462368	739490	59329	6357	4238	0
4479319	798819	63566	0	0	0
4502626	841197	82636	6357	4238	0
4398801	786106	65685	0	0	0
4515340	786106	95350	6357	4238	0
4441179	739490	69923	6357	0	0
4432703	779749	76280	6357	4238	0
4650948	752203	59329	4238	0	0
4644592	809413	80518	4238	2119	0
4453892	747966	82636	8476	4238	2119
4441179	830602	76280	4238	0	0
4487794	851791	88993	2119	0	0
4511102	800938	61448	8476	2119	0
4364899	756441	52972	0	0	0
4638235	811532	78399	0	0	0
4572550	775511	65685	2119	2119	0
4540766	754322	55091	2119	0	0
4394563	798819	63566	4238	2119	0
4466605	794581	76280	6357	2119	2119
4576787	792462	59329	2119	0	0
4797151	864504	76280	4238	4238	0
4504745	790343	50853	4238	2119	0
4396682	830602	84755	2119	0	0
4561955	826364	48734	2119	2119	0
4578906	809413	67804	2119	0	0
4553480	783987	67804	2119	2119	0
4640354	839078	84755	2119	0	0
6195614	2212114	1161148	406826	186462	42378
6221040	2220589	1209882	421658	209769	82636
6990195	2303226	1334896	442847	245790	97469
6587607	2366792	1245903	415301	226720	61448
6390551	2095575	1114532	368686	192818	65685
6543111	2203638	1203526	377161	205532	78399
6371481	2220589	1195050	360210	186462	59329
6142642	2110407	1106057	362329	167392	42378
6182901	2152785	1154791	396231	203413	72042
6407502	2114645	1199288	396231	211888	72042
6367243	2290513	1235309	400469	203413	65685
6365125	2207876	1173861	366567	180105	59329
5949823	2095575	1146316	328427	171630	69923
6585488	2182449	1142078	394112	186462	72042
6312152	2078624	1106057	341140	167392	50853
6691433	2237540	1195050	402588	207651	84755
6375719	2072268	1021302	307238	180105	59329
6104502	2072268	1114532	347497	194937	74161
6062124	1968442	1008588	286049	131371	50853
6019747	2112526	1038253	286049	146203	50853
5752767	1998107	993756	309357	131371	40259
5915921	1979037	1006469	275455	120776	33902
5971012	2017177	997994	292406	141965	61448
5926516	1938778	1048847	328427	163154	55091
5752767	1868855	894169	271217	122895	40259
5890495	1953610	989518	300881	150441	55091
6030341	2002344	993756	271217	161035	44497
5358655	1915470	959854	283930	129252	31783
5532404	1909114	923833	266979	110182	19070
5390438	1765030	832721	269098	114420	36021
5263305	1784099	832721	256385	99588	33902
5284494	1652729	769155	241553	122895	25427
4996326	1614589	754322	220364	84755	23308
5343823	1724771	820008	218245	120776	44497
5127697	1582806	724658	216126	95350	25427
4920046	1565855	750085	216126	110182	36021
5269662	1597638	743728	222483	95350	33902
5072606	1481099	707707	209769	99588	25427
4936997	1502288	661091	177986	82636	25427
5358655	1580687	737371	209769	103825	36021
4947592	1508645	703469	177986	72042	19070
5028109	1493813	618714	165273	82636	27545
4693326	1400582	603882	152560	69923	14832
4534410	1411176	601763	161035	57210	19070
4699682	1358204	658973	184343	88993	27545
4706039	1326421	589049	177986	86874	33902
4646710	1349728	576336	146203	69923	31783
4511102	1256498	517007	146203	57210	8476
4335235	1256498	470392	129252	65685	12713
4525934	1192931	491581	154678	65685	25427
4352186	1203526	451322	114420	59329	8476
4593738	1218358	487343	127133	59329	16951
4680613	1188693	512770	161035	78399	25427
4405158	1178099	495819	144084	69923	27545
4549242	1175980	455560	122895	59329	19070
4104276	1173861	436490	101706	36021	8476
4248360	1188693	451322	105944	48734	6357
4347948	1146316	413182	114420	55091	21189
4195388	1093344	411063	114420	55091	8476
4212339	1180218	398350	118657	40259	10594
4394563	1097581	375042	116539	55091	10594
3932647	1008588	351735	86874	36021	4238
4125465	966211	377161	120776	52972	8476
4129703	1061560	366567	95350	36021	14832
4030115	1008588	324189	80518	42378	16951
3964430	1034015	383518	99588	57210	14832
3909339	964092	311476	50853	16951	4238
3761017	1074274	347497	99588	40259	12713
3879675	970448	328427	88993	31783	14832
4004689	949260	296644	82636	36021	12713
4089444	881455	300881	91112	52972	19070
3845773	953497	303000	78399	29664	8476
3994094	911120	258504	63566	29664	2119
3570318	860266	281811	80518	36021	4238
3945360	1006469	332665	63566	25427	6357
3720759	947141	305119	72042	31783	8476
3911458	911120	273336	72042	25427	4238
3727115	853910	260623	55091	21189	0
3955955	930190	269098	74161	23308	6357
3780087	966211	298763	61448	23308	2119
3568199	898406	228839	46615	19070	4238
3777968	843315	254266	67804	23308	2119
3854248	889931	250028	48734	27545	2119
3623290	809413	203413	44497	23308	4238
3896626	923833	224602	69923	25427	8476
3756780	877218	262741	50853	23308	8476
3701689	883574	224602	50853	19070	2119
3549129	735252	177986	29664	21189	6357
3625409	754322	188581	48734	19070	2119
3699570	807294	222483	50853	21189	4238
3625409	762798	214007	57210	16951	4238
3665668	803057	237315	46615	21189	10594
3661430	773392	199175	48734	16951	4238
3890269	807294	203413	61448	29664	0
3570318	686518	184343	44497	21189	8476
3604220	690756	154678	23308	10594	2119
3972906	752203	201294	48734	36021	12713
3580912	754322	190699	31783	12713	2119
3530059	703469	184343	36021	19070	0
3572437	733134	194937	29664	12713	2119
3729234	826364	214007	33902	12713	4238
3714402	720420	141965	31783	14832	8476
3623290	741609	190699	48734	21189	8476
3542772	724658	163154	46615	16951	6357
3443185	671686	158916	19070	4238	2119
3464374	684399	131371	23308	6357	0
3193157	595406	125014	27545	6357	0
3371143	694994	150441	25427	6357	2119
3561842	701350	139846	16951	8476	4238
3303339	694994	161035	33902	12713	2119
3498276	726777	182224	23308	6357	4238
3407164	665329	137727	23308	8476	0
3282150	684399	125014	31783	19070	4238
3464374	690756	165273	27545	10594	0
3513108	667448	154678	29664	6357	0
3477087	648378	127133	27545	16951	8476
3578793	743728	180105	33902	14832	2119
3508870	625070	139846	27545	12713	2119
3371143	722539	148322	27545	10594	2119
3426234	701350	122895	27545	8476	0
3201632	608119	114420	21189	10594	4238
3292744	642022	127133	19070	6357	2119
3447423	692875	141965	25427	2119	0
3220702	625070	125014	14832	6357	2119
3453779	639903	116539	12713	8476	2119
3375381	633546	125014	23308	4238	0
3426234	622952	97469	14832	6357	4238
3269436	625070	86874	14832	0	0
3477087	629308	101706	23308	12713	0
3212227	589049	97469	12713	6357	2119
3430472	667448	95350	14832	6357	2119
3358430	576336	97469	16951	10594	6357
3438947	606001	108063	12713	6357	4238
3434709	684399	110182	25427	16951	4238
3339360	627189	86874	14832	4238	0
3379618	650497	122895	19070	8476	2119
3383856	637784	139846	21189	4238	0
3383856	614476	103825	21189	6357	2119
3186800	618714	95350	10594	6357	2119
3375381	658973	101706	16951	6357	2119
3256723	548791	91112	14832	8476	2119
3256723	574217	84755	10594	4238	0
3305457	591168	99588	23308	6357	2119
3311814	654735	108063	25427	6357	6357
3286388	580574	91112	14832	10594	0
3398688	618714	95350	10594	4238	0
3161373	631427	88993	12713	2119	0
3055429	580574	91112	14832	6357	2119
3337241	601763	91112	19070	14832	4238
3392332	599644	82636	14832	6357	0
3252485	584812	80518	10594	2119	0
3161373	510651	67804	14832	2119	2119
3159255	654735	99588	14832	4238	0
3316052	589049	76280	10594	4238	2119
3407164	603882	82636	10594	8476	2119
3360548	612357	84755	14832	8476	0
3250367	559385	48734	8476	4238	2119
3133828	555147	61448	12713	4238	0
3345716	576336	76280	10594	2119	0
3110520	557266	48734	6357	2119	0
3343597	622952	74161	10594	4238	0
3320290	578455	91112	10594	2119	0
3233415	544553	80518	12713	2119	0
3135947	578455	84755	10594	2119	0
3280031	578455	69923	12713	2119	0
3269436	567861	88993	6357	2119	0
3303339	497938	59329	8476	0	0
3354192	521245	80518	8476	4238	2119
3239772	542434	50853	10594	4238	0
3089331	572098	67804	12713	4238	0
3191038	593287	69923	4238	0	0
3197394	559385	69923	10594	6357	0
3282150	572098	63566	8476	0	0
3108401	553028	63566	10594	0	0
3294863	563623	57210	8476	2119	0
3197394	569980	82636	4238	4238	0
3207989	555147	67804	8476	2119	2119
3118996	538196	69923	6357	0	0
3388094	531840	55091	6357	0	0
3286388	576336	72042	6357	0	0
3349954	569980	86874	21189	6357	2119
3155017	553028	76280	4238	2119	0
3216464	559385	67804	8476	2119	0
3015171	572098	57210	8476	2119	0
3237653	527602	55091	4238	2119	0
3277912	563623	95350	16951	6357	0
3102045	519126	57210	6357	2119	0
2960080	495819	69923	8476	0	0
3174087	504294	59329	4238	2119	0
3089331	569980	40259	2119	2119	0
3352073	572098	55091	14832	6357	0
3241891	536077	57210	6357	2119	0
3182562	593287	84755	10594	2119	0
3366905	527602	59329	0	0	0
3138066	525483	65685	0	0	0
3212227	580574	63566	10594	2119	0
3296982	517007	38140	2119	0	0
3366905	618714	63566	4238	2119	0
3210108	595406	48734	2119	2119	0
3388094	533959	55091	6357	0	0
3184681	502175	59329	2119	0	0
3337241	559385	80518	12713	6357	2119
3118996	544553	48734	2119	0	0
3127471	555147	65685	0	0	0
3114758	578455	57210	4238	2119	0
3114758	540315	65685	4238	2119	0
3214346	485224	50853	0	0	0
3082975	555147	65685	4238	0	0
3146541	548791	52972	4238	0	0
3049073	555147	50853	4238	0	0
3142303	483105	40259	10594	2119	0
3235534	557266	74161	2119	0	0
3290625	504294	65685	6357	4238	2119
3182562	538196	31783	4238	4238	0
3174087	601763	69923	6357	4238	0
3057548	497938	50853	4238	0	0
3227059	529721	36021	0	0	0
3030003	464035	48734	4238	2119	0
3106282	491581	59329	0	0	0
3229178	514889	31783	8476	4238	0
3055429	504294	63566	8476	6357	2119
3180443	625070	57210	0	0	0
3199513	533959	40259	0	0	0
2985506	434371	36021	2119	0	0
3241891	527602	63566	4238	2119	2119
3074499	523364	50853	2119	0	0
3008814	504294	59329	4238	2119	0
3063905	508532	44497	4238	2119	0
3133828	525483	61448	6357	2119	0
3237653	582693	50853	8476	2119	0
3123234	487343	63566	4238	4238	0
3110520	489462	50853	2119	2119	0
3163492	421658	31783	2119	2119	0
2974912	440728	36021	0	0	0
2991863	457679	46615	4238	2119	0
3116877	491581	61448	2119	2119	2119
3284269	523364	38140	0	0	0
3118996	550910	31783	2119	0	0
3131709	464035	42378	0	0	0
3125352	540315	59329	2119	0	0
3155017	544553	40259	4238	0	0
3061786	536077	59329	2119	2119	0
3032122	536077	69923	0	0	0
3106282	540315	31783	6357	2119	0
2996101	510651	42378	0	0	0
3093569	493700	69923	4238	2119	0
3040597	578455	63566	0	0	0
3104164	497938	36021	0	0	0
3184681	565742	63566	4238	2119	2119
3244010	478868	57210	2119	0	0
3250367	491581	36021	2119	2119	0
3127471	489462	31783	0	0	0
3193157	523364	42378	2119	0	0
3099926	527602	59329	8476	2119	0
3010933	512770	46615	0	0	0
3377500	567861	50853	4238	2119	0
3231297	540315	40259	2119	0	0
3246129	508532	52972	2119	0	0
3059667	555147	50853	2119	0	0
3148660	569980	50853	2119	0	0
3116877	485224	48734	0	0	0
3229178	538196	48734	0	0	0
3106282	495819	50853	4238	0	0
3106282	478868	44497	2119	0	0
3148660	567861	50853	0	0	0
3127471	500056	57210	0	0	0
3155017	500056	40259	4238	0	0
3167730	601763	42378	4238	2119	0
3233415	550910	44497	0	0	0
3078737	586931	63566	0	0	0
3199513	563623	44497	4238	4238	2119
3059667	489462	40259	6357	0	0
3193157	542434	36021	0	0	0
3157136	550910	36021	2119	2119	0
3180443	567861	42378	0	0	0
3068143	474630	44497	0	0	0
3188919	536077	31783	4238	0	0
3197394	555147	52972	2119	0	0
3044835	531840	57210	8476	0	0
3222821	491581	42378	4238	0	0
3237653	504294	50853	2119	0	0
3140185	497938	40259	0	0	0
3292744	491581	40259	4238	0	0
3171968	508532	33902	0	0	0
3146541	519126	40259	2119	0	0
3140185	567861	55091	0	0	0
3116877	521245	55091	8476	2119	0
3123234	502175	46615	6357	0	0
3152898	519126	36021	0	0	0
3282150	553028	61448	0	0	0
3199513	523364	57210	0	0	0
3244010	548791	69923	4238	2119	0
3201632	591168	52972	4238	0	0
3127471	546672	38140	2119	0	0
3176206	563623	50853	0	0	0
3070261	487343	44497	2119	0	0
3104164	533959	40259	2119	0	0
3205870	538196	61448	2119	0	0
3165611	502175	29664	2119	2119	0
3188919	601763	50853	0	0	0
3125352	502175	38140	4238	2119	0
3027884	438609	38140	0	0	0
3099926	476749	36021	2119	0	0
3197394	500056	48734	4238	4238	0
3146541	567861	33902	2119	0	0
3114758	495819	25427	0	0	0
3110520	523364	46615	4238	2119	0
3108401	442847	46615	0	0	0
3174087	508532	48734	0	0	0
3121115	544553	59329	2119	0	0
3267318	461916	52972	4238	0	0
3224940	510651	40259	0	0	0
3131709	538196	50853	2119	0	0
3271555	582693	25427	2119	0	0
3118996	521245	42378	0	0	0
3155017	493700	50853	0	0	0
3068143	561504	48734	4238	0	0
3063905	519126	29664	0	0	0
3237653	574217	65685	6357	2119	0
3246129	489462	33902	0	0	0
3256723	533959	57210	2119	2119	0
3220702	542434	38140	0	0	0
3330884	510651	44497	2119	2119	0
3339360	567861	61448	2119	2119	0
3138066	470392	55091	2119	0	0
3222821	506413	36021	2119	0	0
3080856	559385	31783	2119	2119	0
3216464	548791	44497	0	0	0
3135947	489462	55091	0	0	0
3233415	517007	36021	2119	0	0
3127471	544553	57210	0	0	0
3068143	487343	40259	0	0	0
3199513	502175	36021	2119	0	0
3237653	500056	36021	2119	0	0
3233415	555147	40259	0	0	0
3222821	449203	33902	0	0	0
3254604	497938	44497	2119	0	0
3171968	502175	46615	4238	0	0
3244010	506413	50853	0	0	0
3237653	542434	50853	2119	2119	0
3070261	493700	29664	2119	0	0
3199513	502175	50853	0	0	0
3074499	449203	31783	2119	0	0
3129590	500056	40259	2119	0	0
3133828	480986	42378	0	0	0
3068143	512770	44497	0	0	0
3121115	497938	50853	0	0	0
3218583	567861	42378	6357	0	0
3129590	497938	44497	2119	2119	0
3116877	555147	38140	2119	0	0
3118996	500056	38140	2119	0	0
3123234	472511	44497	0	0	0
3095688	506413	29664	0	0	0
3207989	521245	38140	2119	2119	0
3066024	517007	44497	2119	0	0
3161373	500056	52972	0	0	0
3152898	538196	57210	4238	2119	0
3074499	470392	42378	0	0	0
3070261	512770	48734	2119	0	0
3129590	553028	50853	2119	2119	0
3057548	470392	44497	4238	0	0
3176206	567861	52972	2119	0	0
3129590	466154	36021	0	0	0
2998219	521245	25427	0	0	0
3250367	601763	31783	4238	2119	0
3146541	559385	42378	0	0	0
3027884	502175	31783	0	0	0
2987625	493700	36021	0	0	0
3133828	461916	42378	0	0	0
3133828	497938	36021	0	0	0
3110520	483105	50853	0	0	0
3161373	500056	42378	0	0	0
3210108	491581	40259	0	0	0
3224940	521245	44497	0	0	0
3116877	525483	38140	0	0	0
3182562	561504	42378	2119	0	0
3184681	533959	67804	2119	0	0
3129590	502175	33902	2119	2119	2119
3171968	474630	40259	2119	2119	0
3140185	550910	48734	6357	4238	0
3152898	529721	46615	0	0	0
3165611	504294	31783	0	0	0
3146541	502175	36021	2119	0	0
3080856	491581	40259	4238	0	0
3150779	567861	31783	2119	0	0
3061786	521245	55091	0	0	0
3085094	474630	25427	0	0	0
3102045	521245	46615	0	0	0
3082975	468273	50853	2119	0	0
3013052	485224	27545	0	0	0
2996101	489462	46615	2119	0	0
3008814	519126	50853	0	0	0
3013052	489462	52972	4238	0	0
3044835	449203	33902	2119	0	0
2902870	464035	33902	0	0	0
3112639	500056	42378	4238	0	0
3140185	493700	44497	0	0	0
3025765	612357	61448	2119	0	0
3089331	476749	33902	0	0	0
3102045	519126	50853	2119	0	0
2991863	510651	29664	0	0	0
2832947	434371	23308	2119	0	0
2955842	451322	42378	2119	0	0
2955842	451322	36021	0	0	0
2957961	491581	27545	0	0	0
3023646	508532	40259	0	0	0
3068143	434371	33902	2119	0	0
2890156	449203	42378	2119	0	0
2934653	457679	40259	0	0	0
3174087	557266	69923	0	0	0
2968555	472511	48734	2119	2119	0
2868968	483105	29664	0	0	0
2964317	470392	36021	0	0	0
2902870	540315	55091	2119	0	0
2864730	487343	50853	0	0	0
3106282	553028	27545	2119	2119	0
2926177	487343	33902	2119	0	0
3148660	510651	29664	2119	0	0
3025765	476749	42378	0	0	0
2909226	483105	52972	2119	2119	0
3066024	548791	46615	6357	2119	0
3023646	553028	46615	0	0	0
3017289	453441	27545	2119	0	0
3085094	510651	57210	0	0	0
2847779	438609	44497	0	0	0
2957961	398350	23308	2119	0	0
2989744	523364	61448	2119	0	0
2932534	495819	46615	2119	0	0
2955842	493700	48734	0	0	0
2996101	453441	36021	0	0	0
2881681	502175	27545	0	0	0
2941010	459798	25427	2119	0	0
3006695	493700	40259	4238	0	0
3138066	510651	50853	2119	0	0
3116877	497938	38140	4238	0	0
3082975	555147	55091	0	0	0
3008814	449203	36021	4238	0	0
2928296	464035	33902	2119	0	0
3055429	557266	63566	0	0	0
2892275	485224	40259	0	0	0
2858373	474630	31783	2119	2119	0
2996101	459798	27545	2119	2119	0
2904989	457679	46615	4238	2119	0
2932534	461916	46615	6357	0	0
3049073	527602	59329	0	0	0
3023646	523364	44497	0	0	0
3051192	542434	57210	0	0	0
2941010	480986	46615	2119	2119	0
3004576	542434	50853	2119	0	0
3106282	548791	50853	0	0	0
2957961	546672	46615	2119	0	0
2979149	451322	42378	0	0	0
2974912	483105	48734	2119	0	0
2985506	457679	52972	4238	0	0
2885919	478868	40259	0	0	0
2960080	453441	38140	0	0	0
3034240	521245	27545	2119	0	0
2883800	527602	27545	2119	0	0
2966436	485224	33902	4238	0	0
2885919	464035	40259	4238	0	0
2883800	415301	38140	2119	0	0
2919821	470392	31783	2119	0	0
2856254	491581	46615	0	0	0
2977031	489462	25427	2119	0	0
2955842	502175	40259	0	0	0
2894394	461916	40259	0	0	0
3042716	540315	42378	0	0	0
2909226	466154	55091	2119	0	0
2875324	455560	40259	0	0	0
2955842	474630	44497	2119	2119	0
2767261	472511	42378	2119	0	0
2832947	512770	36021	0	0	0
2854135	510651	27545	0	0	0
2824471	464035	40259	2119	0	0
2856254	470392	48734	0	0	0
2841422	478868	38140	6357	4238	2119
2957961	444965	50853	2119	0	0
2911345	455560	29664	4238	2119	0
2794807	466154	36021	0	0	0
2902870	500056	50853	0	0	0
2792688	504294	36021	0	0	0
2820233	476749	38140	0	0	0
2936772	508532	42378	0	0	0
2856254	470392	44497	2119	0	0
2758786	461916	33902	4238	2119	0
2849898	417420	23308	0	0	0
2949485	485224	33902	0	0	0
2919821	495819	42378	2119	0	0
2718527	508532	59329	2119	2119	0
2890156	485224	36021	0	0	0
2885919	495819	29664	0	0	0
2839303	472511	48734	2119	0	0
2875324	459798	16951	0	0	0
2972793	474630	42378	2119	0	0
2949485	523364	46615	0	0	0
2866849	466154	31783	0	0	0
2841422	487343	36021	0	0	0
3002457	495819	55091	4238	2119	0
2902870	432252	25427	4238	0	0
2926177	497938	40259	0	0	0
2934653	557266	48734	2119	0	0
2779974	491581	42378	2119	2119	0
2771499	491581	31783	2119	0	0
2890156	483105	36021	6357	0	0
2904989	461916	40259	2119	2119	0
2752429	468273	27545	2119	0	0
2917702	438609	31783	0	0	0
2769380	461916	27545	0	0	0
2985506	508532	27545	4238	0	0
2926177	531840	29664	2119	0	0
2879562	489462	44497	2119	0	0
2779974	474630	33902	6357	0	0
2932534	464035	52972	6357	4238	0
2828709	557266	46615	4238	2119	0
2769380	453441	40259	2119	2119	0
2902870	510651	36021	0	0	0
2796926	483105	14832	0	0	0
2758786	430133	33902	0	0	0
2979149	421658	33902	2119	0	0
2822352	421658	27545	2119	0	0
2921940	421658	40259	2119	0	0
2856254	487343	40259	2119	2119	0
2860492	455560	50853	0	0	0
2915583	550910	44497	2119	0	0
2868968	432252	33902	0	0	0
2909226	470392	25427	4238	0	0
3030003	519126	46615	0	0	0
2968555	510651	65685	6357	2119	2119
2815996	517007	36021	0	0	0
2945247	453441	36021	0	0	0
2718527	464035	33902	2119	2119	0
2883800	493700	33902	2119	0	0
7691545	2284156	565742	38140	12713	2119
5735816	1570092	347497	33902	10594	0
5297208	1546785	303000	12713	2119	0
5793026	1555260	326308	23308	6357	0
4648829	1156910	235196	14832	2119	0
3983500	921714	161035	19070	2119	0
3411402	690756	95350	4238	0	0
3265199	667448	86874	4238	2119	0
3006695	578455	61448	4238	2119	0
3241891	646259	103825	12713	6357	4238
3222821	536077	82636	6357	2119	2119
3040597	538196	61448	4238	0	0
2998219	529721	63566	8476	8476	2119
3244010	591168	114420	44497	21189	4238
2972793	527602	63566	8476	4238	0
3167730	595406	125014	38140	33902	12713
3000338	508532	65685	12713	6357	0
2938891	514889	57210	16951	8476	0
3032122	474630	59329	10594	6357	0
2826590	495819	55091	12713	8476	2119
3142303	561504	80518	14832	8476	0
2896513	563623	80518	29664	12713	0
2839303	478868	72042	14832	8476	0
3063905	485224	59329	21189	14832	2119
2972793	538196	61448	16951	4238	0
2847779	455560	59329	14832	4238	2119
2892275	548791	55091	8476	4238	0
2972793	544553	55091	14832	4238	2119
2792688	555147	42378	6357	4238	0
2877443	451322	69923	10594	8476	2119
3004576	527602	42378	2119	2119	0
2714289	432252	65685	16951	10594	6357
2894394	500056	50853	4238	4238	0
2807520	430133	42378	6357	2119	0
2841422	500056	46615	2119	2119	2119
2752429	508532	46615	12713	4238	0
2805401	500056	48734	19070	6357	0
2843541	489462	44497	8476	2119	0
2839303	521245	50853	0	0	0
2830828	468273	25427	8476	6357	2119
2898632	472511	55091	6357	4238	0
2799044	449203	48734	10594	2119	2119
2794807	478868	42378	6357	2119	2119
2845660	514889	46615	6357	4238	0
2917702	487343	55091	6357	2119	2119
2968555	536077	59329	10594	6357	0
2873205	495819	59329	2119	2119	0
2968555	485224	46615	2119	0	0
2777856	455560	48734	12713	6357	0
2928296	512770	55091	8476	4238	0
2828709	557266	55091	6357	0	0
2805401	506413	52972	14832	10594	2119
2809639	464035	46615	8476	4238	0
2919821	464035	55091	8476	8476	2119
2765142	529721	72042	6357	2119	0
2828709	512770	52972	4238	0	0
2828709	440728	55091	8476	6357	2119
2818114	487343	42378	4238	2119	0
2875324	504294	29664	8476	4238	0
2809639	408944	42378	6357	4238	0
2839303	502175	44497	12713	12713	0
2627415	495819	44497	4238	2119	0
2977031	470392	57210	4238	2119	0
2883800	521245	31783	0	0	0
2786331	500056	48734	4238	0	0
2752429	466154	61448	4238	0	0
2837184	476749	57210	6357	2119	0
2917702	476749	63566	8476	6357	2119
2758786	517007	42378	2119	0	0
2765142	527602	40259	0	0	0
3000338	525483	63566	6357	2119	0
2996101	517007	65685	8476	4238	2119
2743953	466154	36021	0	0	0
2885919	476749	44497	0	0	0
2782093	459798	52972	2119	2119	0
2826590	519126	57210	6357	2119	2119
2788450	468273	38140	8476	4238	0
2877443	508532	50853	10594	4238	2119
2826590	483105	31783	6357	2119	0
2852017	461916	42378	8476	4238	0
2790569	459798	48734	6357	0	0
2852017	480986	33902	0	0	0
2928296	521245	40259	2119	2119	0
2731240	493700	63566	2119	0	0
2773618	453441	55091	4238	2119	0
2924059	483105	44497	10594	4238	0
2873205	491581	40259	0	0	0
2932534	485224	42378	0	0	0
2830828	464035	48734	0	0	0
2777856	527602	44497	2119	0	0
2640128	478868	46615	2119	0	0
2888038	476749	31783	4238	4238	0
2847779	483105	27545	2119	2119	0
2779974	485224	59329	10594	4238	0
2773618	491581	36021	0	0	0
2866849	468273	36021	4238	4238	0
2826590	451322	36021	8476	2119	0
2699457	440728	52972	2119	2119	0
2873205	478868	42378	2119	0	0
2860492	510651	44497	6357	0	0
2811758	449203	40259	0	0	0
2915583	480986	44497	8476	0	0
2843541	491581	31783	4238	4238	0
2669793	461916	38140	2119	0	0
2680387	453441	38140	2119	0	0
2830828	510651	59329	4238	4238	0
2818114	476749	25427	2119	0	0
2712170	476749	50853	2119	0	0
2705814	466154	44497	4238	0	0
2890156	495819	29664	0	0	0
2811758	489462	48734	4238	4238	0
2731240	485224	42378	4238	0	0
2684625	464035	40259	0	0	0
2697338	438609	36021	2119	0	0
2767261	512770	50853	2119	2119	0
2777856	455560	40259	2119	0	0
2716408	434371	42378	0	0	0
2879562	544553	61448	0	0	0
2854135	483105	25427	0	0	0
2731240	466154	31783	2119	0	0
2739716	483105	36021	0	0	0
2769380	455560	25427	2119	0	0
2659198	464035	33902	4238	0	0
2646485	417420	46615	0	0	0
2883800	480986	29664	8476	4238	0
2712170	447084	33902	0	0	0
2779974	442847	29664	2119	2119	0
2915583	542434	40259	6357	2119	0
2631653	434371	36021	2119	0	0
2750310	506413	38140	2119	2119	2119
2832947	455560	31783	0	0	0
2621058	434371	44497	0	0	0
2767261	483105	40259	0	0	0
2686744	421658	48734	4238	4238	0
2771499	514889	23308	2119	0	0
2542660	415301	19070	2119	2119	0
2667674	423777	40259	2119	0	0
2695219	468273	31783	0	0	0
2777856	419539	33902	2119	0	0
2807520	476749	36021	0	0	0
2722765	457679	44497	0	0	0
2714289	419539	38140	2119	2119	0
2799044	474630	33902	2119	0	0
2741835	476749	50853	6357	0	0
2659198	480986	42378	0	0	0
2758786	434371	38140	4238	2119	0
2578681	459798	44497	2119	2119	0
2767261	438609	33902	2119	0	0
2758786	400469	29664	2119	2119	0
2754548	447084	33902	2119	0	0
2665555	430133	31783	0	0	0
2841422	470392	36021	2119	0	0
2782093	444965	27545	2119	0	0
2737597	493700	40259	0	0	0
2724884	466154	31783	0	0	0
2707932	476749	59329	8476	4238	4238
2809639	464035	36021	2119	0	0
2729121	468273	33902	6357	4238	0
2737597	497938	52972	2119	0	0
2847779	491581	59329	16951	12713	6357